1	1.500000e-02	1.000000e-04	1.000141e-04	1.413737e-08	1.000085e-04	5.619077e-09
1	1.500000e-02	1.000000e-04	1.000145e-04	1.447745e-08	1.000085e-04	5.945866e-09
1	1.500000e-02	1.000000e-04	1.000140e-04	1.401657e-08	1.000085e-04	5.498473e-09
1	1.500000e-02	1.000000e-04	1.000142e-04	1.418048e-08	1.000085e-04	5.673614e-09
1	1.500000e-02	1.000000e-04	1.000144e-04	1.441328e-08	1.000086e-04	5.794864e-09
1	1.500000e-02	1.000000e-04	1.000143e-04	1.431164e-08	1.000086e-04	5.714375e-09
1	1.500000e-02	1.000000e-04	1.000143e-04	1.430591e-08	1.000085e-04	5.797465e-09
1	1.500000e-02	1.000000e-04	1.000143e-04	1.431333e-08	1.000085e-04	5.830575e-09
1	1.500000e-02	1.000000e-04	1.000146e-04	1.455782e-08	1.000085e-04	6.066201e-09
1	1.500000e-02	1.000000e-04	1.000144e-04	1.444955e-08	1.000086e-04	5.888043e-09
1	1.500000e-02	1.000000e-04	1.000144e-04	1.440331e-08	1.000085e-04	5.925436e-09
1	1.500000e-02	1.000000e-04	1.000141e-04	1.409441e-08	1.000085e-04	5.553772e-09
1	1.500000e-02	1.000000e-04	1.000148e-04	1.475753e-08	1.000086e-04	6.192202e-09
1	1.500000e-02	1.000000e-04	1.000143e-04	1.428132e-08	1.000086e-04	5.723643e-09
1	1.500000e-02	1.000000e-04	1.000142e-04	1.420056e-08	1.000086e-04	5.649261e-09
1	1.500000e-02	1.000000e-04	1.000144e-04	1.437160e-08	1.000085e-04	5.828505e-09
1	1.500000e-02	1.000000e-04	1.000145e-04	1.449960e-08	1.000086e-04	5.901097e-09
1	1.500000e-02	1.000000e-04	1.000142e-04	1.424476e-08	1.000085e-04	5.769819e-09
1	1.500000e-02	1.000000e-04	1.000146e-04	1.463708e-08	1.000086e-04	6.065593e-09
1	1.500000e-02	1.000000e-04	1.000144e-04	1.436305e-08	1.000085e-04	5.857545e-09
1	1.500000e-02	1.000000e-04	1.000143e-04	1.431183e-08	1.000085e-04	5.801238e-09
1	1.500000e-02	1.000000e-04	1.000143e-04	1.432095e-08	1.000085e-04	5.801927e-09
1	1.500000e-02	1.000000e-04	1.000143e-04	1.428245e-08	1.000086e-04	5.711066e-09
1	1.500000e-02	1.000000e-04	1.000143e-04	1.432144e-08	1.000086e-04	5.722659e-09
1	1.500000e-02	1.000000e-04	1.000143e-04	1.428963e-08	1.000086e-04	5.728167e-09
1	1.500000e-02	1.000000e-04	1.000144e-04	1.436131e-08	1.000086e-04	5.782718e-09
1	1.500000e-02	1.000000e-04	1.000143e-04	1.433909e-08	1.000085e-04	5.800704e-09
1	1.500000e-02	1.000000e-04	1.000143e-04	1.425505e-08	1.000085e-04	5.728225e-09
1	1.500000e-02	1.000000e-04	1.000145e-04	1.450690e-08	1.000086e-04	5.928155e-09
1	1.500000e-02	1.000000e-04	1.000143e-04	1.429197e-08	1.000086e-04	5.726396e-09
1	1.500000e-02	1.000000e-04	1.000144e-04	1.437965e-08	1.000085e-04	5.858569e-09
1	1.500000e-02	1.000000e-04	1.000144e-04	1.439092e-08	1.000085e-04	5.880429e-09
1	1.500000e-02	1.000000e-04	1.000143e-04	1.434071e-08	1.000085e-04	5.792851e-09
1	1.500000e-02	1.000000e-04	1.000144e-04	1.437374e-08	1.000086e-04	5.800657e-09
1	1.500000e-02	1.000000e-04	1.000145e-04	1.450658e-08	1.000086e-04	5.906483e-09
1	1.500000e-02	1.000000e-04	1.000145e-04	1.451734e-08	1.000086e-04	5.929814e-09
1	1.500000e-02	1.000000e-04	1.000141e-04	1.409783e-08	1.000085e-04	5.549800e-09
1	1.500000e-02	1.000000e-04	1.000144e-04	1.438816e-08	1.000085e-04	5.865450e-09
1	1.500000e-02	1.000000e-04	1.000144e-04	1.436480e-08	1.000085e-04	5.847695e-09
1	1.500000e-02	1.000000e-04	1.000144e-04	1.438287e-08	1.000085e-04	5.871075e-09
1	1.500000e-02	1.000000e-04	1.000145e-04	1.453671e-08	1.000085e-04	6.032355e-09
1	1.500000e-02	1.000000e-04	1.000144e-04	1.443764e-08	1.000086e-04	5.870147e-09
1	1.500000e-02	1.000000e-04	1.000146e-04	1.457194e-08	1.000085e-04	6.065834e-09
1	1.500000e-02	1.000000e-04	1.000143e-04	1.430254e-08	1.000086e-04	5.736241e-09
1	1.500000e-02	1.000000e-04	1.000145e-04	1.445576e-08	1.000085e-04	5.988601e-09
1	1.500000e-02	1.000000e-04	1.000145e-04	1.452252e-08	1.000086e-04	5.957682e-09
1	1.500000e-02	1.000000e-04	1.000146e-04	1.456247e-08	1.000085e-04	6.045529e-09
1	1.500000e-02	1.000000e-04	1.000146e-04	1.455531e-08	1.000085e-04	6.021080e-09
1	1.500000e-02	1.000000e-04	1.000145e-04	1.453980e-08	1.000085e-04	6.055793e-09
1	1.500000e-02	1.000000e-04	1.000143e-04	1.429346e-08	1.000085e-04	5.781781e-09
1	1.500000e-02	1.000000e-04	1.000145e-04	1.445472e-08	1.000086e-04	5.876991e-09
1	1.500000e-02	1.000000e-04	1.000145e-04	1.446236e-08	1.000085e-04	6.001834e-09
1	1.500000e-02	1.000000e-04	1.000141e-04	1.407561e-08	1.000085e-04	5.573333e-09
1	1.500000e-02	1.000000e-04	1.000145e-04	1.445649e-08	1.000084e-04	6.011325e-09
1	1.500000e-02	1.000000e-04	1.000147e-04	1.468728e-08	1.000085e-04	6.192546e-09
1	1.500000e-02	1.000000e-04	1.000144e-04	1.436740e-08	1.000086e-04	5.815719e-09
1	1.500000e-02	1.000000e-04	1.000142e-04	1.419587e-08	1.000086e-04	5.627098e-09
1	1.500000e-02	1.000000e-04	1.000145e-04	1.448090e-08	1.000086e-04	5.908514e-09
1	1.500000e-02	1.000000e-04	1.000142e-04	1.424457e-08	1.000086e-04	5.668921e-09
1	1.500000e-02	1.000000e-04	1.000147e-04	1.465635e-08	1.000086e-04	6.059287e-09
1	1.500000e-02	1.000000e-04	1.000144e-04	1.443256e-08	1.000085e-04	5.944368e-09
1	1.500000e-02	1.000000e-04	1.000148e-04	1.476859e-08	1.000085e-04	6.219062e-09
1	1.500000e-02	1.000000e-04	1.000148e-04	1.480870e-08	1.000085e-04	6.317783e-09
1	1.500000e-02	1.000000e-04	1.000139e-04	1.393704e-08	1.000086e-04	5.367607e-09
1	1.500000e-02	1.000000e-04	1.000144e-04	1.443077e-08	1.000086e-04	5.853879e-09
1	1.500000e-02	1.000000e-04	1.000147e-04	1.471344e-08	1.000085e-04	6.225275e-09
1	1.500000e-02	1.000000e-04	1.000141e-04	1.405746e-08	1.000084e-04	5.627065e-09
1	1.500000e-02	1.000000e-04	1.000143e-04	1.430752e-08	1.000085e-04	5.853847e-09
1	1.500000e-02	1.000000e-04	1.000142e-04	1.418172e-08	1.000085e-04	5.705133e-09
1	1.500000e-02	1.000000e-04	1.000144e-04	1.436532e-08	1.000085e-04	5.865813e-09
1	1.500000e-02	1.000000e-04	1.000144e-04	1.441505e-08	1.000085e-04	5.881016e-09
1	1.500000e-02	1.000000e-04	1.000142e-04	1.417681e-08	1.000085e-04	5.673432e-09
1	1.500000e-02	1.000000e-04	1.000140e-04	1.396433e-08	1.000085e-04	5.474918e-09
1	1.500000e-02	1.000000e-04	1.000148e-04	1.476007e-08	1.000086e-04	6.201241e-09
1	1.500000e-02	1.000000e-04	1.000146e-04	1.460581e-08	1.000086e-04	6.017296e-09
1	1.500000e-02	1.000000e-04	1.000145e-04	1.445519e-08	1.000086e-04	5.868661e-09
1	1.500000e-02	1.000000e-04	1.000145e-04	1.453323e-08	1.000085e-04	6.055329e-09
1	1.500000e-02	1.000000e-04	1.000146e-04	1.458806e-08	1.000085e-04	6.073901e-09
1	1.500000e-02	1.000000e-04	1.000145e-04	1.448220e-08	1.000085e-04	5.946452e-09
1	1.500000e-02	1.000000e-04	1.000142e-04	1.421080e-08	1.000085e-04	5.665939e-09
1	1.500000e-02	1.000000e-04	1.000143e-04	1.432608e-08	1.000086e-04	5.759675e-09
1	1.500000e-02	1.000000e-04	1.000141e-04	1.407721e-08	1.000084e-04	5.631904e-09
1	1.500000e-02	1.000000e-04	1.000141e-04	1.413201e-08	1.000086e-04	5.543931e-09
1	1.500000e-02	1.000000e-04	1.000145e-04	1.451884e-08	1.000085e-04	6.067511e-09
1	1.500000e-02	1.000000e-04	1.000145e-04	1.450766e-08	1.000085e-04	5.979562e-09
1	1.500000e-02	1.000000e-04	1.000142e-04	1.424719e-08	1.000085e-04	5.738851e-09
1	1.500000e-02	1.000000e-04	1.000146e-04	1.464090e-08	1.000086e-04	6.080383e-09
1	1.500000e-02	1.000000e-04	1.000143e-04	1.429853e-08	1.000086e-04	5.735475e-09
1	1.500000e-02	1.000000e-04	1.000145e-04	1.448045e-08	1.000085e-04	5.989435e-09
1	1.500000e-02	1.000000e-04	1.000143e-04	1.431830e-08	1.000085e-04	5.776248e-09
1	1.500000e-02	1.000000e-04	1.000141e-04	1.405518e-08	1.000086e-04	5.425709e-09
1	1.500000e-02	1.000000e-04	1.000142e-04	1.415743e-08	1.000085e-04	5.673172e-09
1	1.500000e-02	1.000000e-04	1.000144e-04	1.443456e-08	1.000085e-04	5.885758e-09
1	1.500000e-02	1.000000e-04	1.000144e-04	1.441675e-08	1.000085e-04	5.928733e-09
1	1.500000e-02	1.000000e-04	1.000145e-04	1.447484e-08	1.000085e-04	5.969983e-09
1	1.500000e-02	1.000000e-04	1.000145e-04	1.451967e-08	1.000086e-04	5.958075e-09
1	1.500000e-02	1.000000e-04	1.000145e-04	1.453868e-08	1.000084e-04	6.106821e-09
1	1.500000e-02	1.000000e-04	1.000143e-04	1.431319e-08	1.000084e-04	5.899389e-09
1	1.500000e-02	1.000000e-04	1.000143e-04	1.429465e-08	1.000086e-04	5.700192e-09
1	1.500000e-02	1.000000e-04	1.000143e-04	1.429072e-08	1.000085e-04	5.778023e-09
1	1.500000e-02	1.000000e-04	1.000141e-04	1.405757e-08	1.000085e-04	5.568150e-09
1	1.500000e-02	1.000000e-04	1.000145e-04	1.448043e-08	1.000086e-04	5.912690e-09
1	1.500000e-02	1.000000e-04	1.000142e-04	1.416342e-08	1.000085e-04	5.631742e-09
1	1.500000e-02	1.000000e-04	1.000144e-04	1.440072e-08	1.000085e-04	5.886930e-09
1	1.500000e-02	1.000000e-04	1.000141e-04	1.414962e-08	1.000086e-04	5.508683e-09
1	1.500000e-02	1.000000e-04	1.000145e-04	1.448267e-08	1.000085e-04	5.994161e-09
1	1.500000e-02	1.000000e-04	1.000145e-04	1.454675e-08	1.000085e-04	6.030346e-09
1	1.500000e-02	1.000000e-04	1.000145e-04	1.446737e-08	1.000085e-04	5.976337e-09
1	1.500000e-02	1.000000e-04	1.000146e-04	1.455105e-08	1.000085e-04	6.043540e-09
1	1.500000e-02	1.000000e-04	1.000142e-04	1.424397e-08	1.000086e-04	5.641607e-09
1	1.500000e-02	1.000000e-04	1.000144e-04	1.444748e-08	1.000085e-04	5.989978e-09
1	1.500000e-02	1.000000e-04	1.000143e-04	1.426419e-08	1.000086e-04	5.694982e-09
1	1.500000e-02	1.000000e-04	1.000145e-04	1.452282e-08	1.000086e-04	5.957347e-09
1	1.500000e-02	1.000000e-04	1.000147e-04	1.468275e-08	1.000085e-04	6.162447e-09
1	1.500000e-02	1.000000e-04	1.000144e-04	1.439923e-08	1.000085e-04	5.862384e-09
1	1.500000e-02	1.000000e-04	1.000142e-04	1.423214e-08	1.000085e-04	5.697782e-09
1	1.500000e-02	1.000000e-04	1.000144e-04	1.440407e-08	1.000086e-04	5.845566e-09
1	1.500000e-02	1.000000e-04	1.000145e-04	1.449758e-08	1.000085e-04	5.986013e-09
1	1.500000e-02	1.000000e-04	1.000143e-04	1.430555e-08	1.000086e-04	5.718785e-09
1	1.500000e-02	1.000000e-04	1.000146e-04	1.456428e-08	1.000085e-04	6.052229e-09
1	1.500000e-02	1.000000e-04	1.000142e-04	1.421711e-08	1.000086e-04	5.664679e-09
1	1.500000e-02	1.000000e-04	1.000147e-04	1.474529e-08	1.000086e-04	6.191873e-09
1	1.500000e-02	1.000000e-04	1.000144e-04	1.439643e-08	1.000086e-04	5.839605e-09
1	1.500000e-02	1.000000e-04	1.000143e-04	1.434908e-08	1.000085e-04	5.892900e-09
1	1.500000e-02	1.000000e-04	1.000144e-04	1.438599e-08	1.000086e-04	5.813796e-09
1	1.500000e-02	1.000000e-04	1.000145e-04	1.449121e-08	1.000085e-04	6.033588e-09
1	1.500000e-02	1.000000e-04	1.000143e-04	1.426714e-08	1.000085e-04	5.764519e-09
1	1.500000e-02	1.000000e-04	1.000144e-04	1.437575e-08	1.000085e-04	5.873498e-09
1	1.500000e-02	1.000000e-04	1.000142e-04	1.420199e-08	1.000085e-04	5.682895e-09
1	1.500000e-02	1.000000e-04	1.000142e-04	1.420314e-08	1.000086e-04	5.604279e-09
1	1.500000e-02	1.000000e-04	1.000146e-04	1.461573e-08	1.000086e-04	6.041528e-09
1	1.500000e-02	1.000000e-04	1.000142e-04	1.416469e-08	1.000085e-04	5.643937e-09
1	1.500000e-02	1.000000e-04	1.000141e-04	1.410318e-08	1.000086e-04	5.533773e-09
1	1.500000e-02	1.000000e-04	1.000145e-04	1.445874e-08	1.000085e-04	5.948152e-09
1	1.500000e-02	1.000000e-04	1.000145e-04	1.449801e-08	1.000086e-04	5.946663e-09
1	1.500000e-02	1.000000e-04	1.000143e-04	1.433526e-08	1.000086e-04	5.733986e-09
1	1.500000e-02	1.000000e-04	1.000145e-04	1.448347e-08	1.000086e-04	5.930184e-09
1	1.500000e-02	1.000000e-04	1.000145e-04	1.453928e-08	1.000085e-04	6.031420e-09
1	1.500000e-02	1.000000e-04	1.000147e-04	1.471871e-08	1.000085e-04	6.177008e-09
1	1.500000e-02	1.000000e-04	1.000145e-04	1.452562e-08	1.000086e-04	5.951523e-09
1	1.500000e-02	1.000000e-04	1.000143e-04	1.430665e-08	1.000084e-04	5.910162e-09
1	1.500000e-02	1.000000e-04	1.000145e-04	1.450666e-08	1.000086e-04	5.891779e-09
1	1.500000e-02	1.000000e-04	1.000144e-04	1.437262e-08	1.000086e-04	5.773488e-09
1	1.500000e-02	1.000000e-04	1.000143e-04	1.426853e-08	1.000086e-04	5.683991e-09
1	1.500000e-02	1.000000e-04	1.000145e-04	1.453386e-08	1.000084e-04	6.094278e-09
1	1.500000e-02	1.000000e-04	1.000148e-04	1.482304e-08	1.000085e-04	6.275468e-09
1	1.500000e-02	1.000000e-04	1.000147e-04	1.472148e-08	1.000085e-04	6.225810e-09
1	1.500000e-02	1.000000e-04	1.000144e-04	1.435430e-08	1.000085e-04	5.833895e-09
1	1.500000e-02	1.000000e-04	1.000141e-04	1.411316e-08	1.000085e-04	5.609071e-09
1	1.500000e-02	1.000000e-04	1.000144e-04	1.435541e-08	1.000085e-04	5.817943e-09
1	1.500000e-02	1.000000e-04	1.000143e-04	1.427643e-08	1.000086e-04	5.699544e-09
1	1.500000e-02	1.000000e-04	1.000145e-04	1.446516e-08	1.000085e-04	5.937472e-09
1	1.500000e-02	1.000000e-04	1.000147e-04	1.468564e-08	1.000084e-04	6.261158e-09
1	1.500000e-02	1.000000e-04	1.000140e-04	1.404487e-08	1.000086e-04	5.452684e-09
1	1.500000e-02	1.000000e-04	1.000144e-04	1.437041e-08	1.000085e-04	5.822227e-09
1	1.500000e-02	1.000000e-04	1.000144e-04	1.441476e-08	1.000086e-04	5.837620e-09
1	1.500000e-02	1.000000e-04	1.000144e-04	1.440258e-08	1.000087e-04	5.747946e-09
1	1.500000e-02	1.000000e-04	1.000144e-04	1.441767e-08	1.000086e-04	5.795237e-09
1	1.500000e-02	1.000000e-04	1.000142e-04	1.423418e-08	1.000085e-04	5.689735e-09
1	1.500000e-02	1.000000e-04	1.000144e-04	1.443898e-08	1.000084e-04	6.017207e-09
1	1.500000e-02	1.000000e-04	1.000145e-04	1.447854e-08	1.000084e-04	6.050957e-09
1	1.500000e-02	1.000000e-04	1.000143e-04	1.430808e-08	1.000085e-04	5.813181e-09
1	1.500000e-02	1.000000e-04	1.000143e-04	1.430452e-08	1.000086e-04	5.730611e-09
1	1.500000e-02	1.000000e-04	1.000145e-04	1.447800e-08	1.000085e-04	5.982050e-09
1	1.500000e-02	1.000000e-04	1.000144e-04	1.436239e-08	1.000085e-04	5.870340e-09
1	1.500000e-02	1.000000e-04	1.000145e-04	1.446708e-08	1.000086e-04	5.879358e-09
1	1.500000e-02	1.000000e-04	1.000145e-04	1.446498e-08	1.000086e-04	5.886818e-09
1	1.500000e-02	1.000000e-04	1.000141e-04	1.405331e-08	1.000086e-04	5.474010e-09
1	1.500000e-02	1.000000e-04	1.000143e-04	1.429445e-08	1.000084e-04	5.878684e-09
1	1.500000e-02	1.000000e-04	1.000143e-04	1.431830e-08	1.000085e-04	5.824449e-09
1	1.500000e-02	1.000000e-04	1.000145e-04	1.447705e-08	1.000084e-04	6.051938e-09
1	1.500000e-02	1.000000e-04	1.000144e-04	1.438784e-08	1.000085e-04	5.881250e-09
1	1.500000e-02	1.000000e-04	1.000146e-04	1.460598e-08	1.000086e-04	6.053598e-09
1	1.500000e-02	1.000000e-04	1.000146e-04	1.459084e-08	1.000086e-04	6.012099e-09
1	1.500000e-02	1.000000e-04	1.000145e-04	1.452290e-08	1.000085e-04	5.981893e-09
1	1.500000e-02	1.000000e-04	1.000143e-04	1.434210e-08	1.000085e-04	5.806965e-09
1	1.500000e-02	1.000000e-04	1.000142e-04	1.418507e-08	1.000085e-04	5.714600e-09
1	1.500000e-02	1.000000e-04	1.000141e-04	1.408832e-08	1.000085e-04	5.595812e-09
1	1.500000e-02	1.000000e-04	1.000141e-04	1.410752e-08	1.000085e-04	5.572008e-09
1	1.500000e-02	1.000000e-04	1.000146e-04	1.459534e-08	1.000086e-04	6.024686e-09
1	1.500000e-02	1.000000e-04	1.000144e-04	1.436865e-08	1.000085e-04	5.853230e-09
1	1.500000e-02	1.000000e-04	1.000145e-04	1.446188e-08	1.000085e-04	5.916219e-09
1	1.500000e-02	1.000000e-04	1.000144e-04	1.441953e-08	1.000085e-04	5.942328e-09
1	1.500000e-02	1.000000e-04	1.000139e-04	1.391777e-08	1.000085e-04	5.369185e-09
1	1.500000e-02	1.000000e-04	1.000147e-04	1.465805e-08	1.000085e-04	6.158007e-09
1	1.500000e-02	1.000000e-04	1.000146e-04	1.457550e-08	1.000084e-04	6.135345e-09
1	1.500000e-02	1.000000e-04	1.000147e-04	1.467193e-08	1.000085e-04	6.147396e-09
1	1.500000e-02	1.000000e-04	1.000143e-04	1.427233e-08	1.000086e-04	5.680576e-09
1	1.500000e-02	1.000000e-04	1.000142e-04	1.422528e-08	1.000086e-04	5.670419e-09
1	1.500000e-02	1.000000e-04	1.000144e-04	1.435513e-08	1.000085e-04	5.821602e-09
1	1.500000e-02	1.000000e-04	1.000146e-04	1.457627e-08	1.000085e-04	6.077697e-09
1	1.500000e-02	1.000000e-04	1.000142e-04	1.420693e-08	1.000086e-04	5.652367e-09
1	1.500000e-02	1.000000e-04	1.000144e-04	1.441661e-08	1.000085e-04	5.883954e-09
1	1.500000e-02	1.000000e-04	1.000143e-04	1.432123e-08	1.000085e-04	5.797401e-09
1	1.500000e-02	1.000000e-04	1.000143e-04	1.434400e-08	1.000086e-04	5.791696e-09
1	1.500000e-02	1.000000e-04	1.000143e-04	1.430611e-08	1.000084e-04	5.900490e-09
1	1.500000e-02	1.000000e-04	1.000144e-04	1.435122e-08	1.000086e-04	5.797149e-09
1	1.500000e-02	1.000000e-04	1.000143e-04	1.434944e-08	1.000085e-04	5.834902e-09
1	1.500000e-02	1.000000e-04	1.000145e-04	1.450384e-08	1.000085e-04	6.007434e-09
1	1.500000e-02	1.000000e-04	1.000143e-04	1.425209e-08	1.000085e-04	5.771523e-09
