1	-1.500000e-02	1.000000e-04	1.000321e-04	3.212769e-08	1.000177e-04	1.440395e-08
1	-1.500000e-02	1.000000e-04	1.000338e-04	3.384157e-08	1.000178e-04	1.609032e-08
1	-1.500000e-02	1.000000e-04	1.000318e-04	3.175839e-08	1.000177e-04	1.406100e-08
1	-1.500000e-02	1.000000e-04	1.000305e-04	3.046459e-08	1.000177e-04	1.275601e-08
1	-1.500000e-02	1.000000e-04	1.000330e-04	3.300387e-08	1.000177e-04	1.525574e-08
1	-1.500000e-02	1.000000e-04	1.000316e-04	3.164914e-08	1.000177e-04	1.393911e-08
1	-1.500000e-02	1.000000e-04	1.000322e-04	3.219226e-08	1.000177e-04	1.453960e-08
1	-1.500000e-02	1.000000e-04	1.000324e-04	3.243375e-08	1.000177e-04	1.474581e-08
1	-1.500000e-02	1.000000e-04	1.000315e-04	3.145062e-08	1.000177e-04	1.375912e-08
1	-1.500000e-02	1.000000e-04	1.000346e-04	3.459054e-08	1.000176e-04	1.701659e-08
1	-1.500000e-02	1.000000e-04	1.000320e-04	3.201445e-08	1.000177e-04	1.432512e-08
1	-1.500000e-02	1.000000e-04	1.000332e-04	3.320605e-08	1.000178e-04	1.544646e-08
1	-1.500000e-02	1.000000e-04	1.000326e-04	3.261621e-08	1.000177e-04	1.495361e-08
1	-1.500000e-02	1.000000e-04	1.000308e-04	3.079951e-08	1.000177e-04	1.308349e-08
1	-1.500000e-02	1.000000e-04	1.000329e-04	3.292577e-08	1.000176e-04	1.531605e-08
1	-1.500000e-02	1.000000e-04	1.000313e-04	3.126075e-08	1.000178e-04	1.348323e-08
1	-1.500000e-02	1.000000e-04	1.000310e-04	3.098015e-08	1.000177e-04	1.330808e-08
1	-1.500000e-02	1.000000e-04	1.000323e-04	3.232876e-08	1.000177e-04	1.461445e-08
1	-1.500000e-02	1.000000e-04	1.000314e-04	3.141972e-08	1.000177e-04	1.370553e-08
1	-1.500000e-02	1.000000e-04	1.000320e-04	3.201232e-08	1.000177e-04	1.432998e-08
1	-1.500000e-02	1.000000e-04	1.000321e-04	3.205261e-08	1.000176e-04	1.443044e-08
1	-1.500000e-02	1.000000e-04	1.000322e-04	3.221250e-08	1.000176e-04	1.457472e-08
1	-1.500000e-02	1.000000e-04	1.000315e-04	3.148098e-08	1.000177e-04	1.379286e-08
1	-1.500000e-02	1.000000e-04	1.000353e-04	3.529584e-08	1.000176e-04	1.767293e-08
1	-1.500000e-02	1.000000e-04	1.000329e-04	3.285922e-08	1.000177e-04	1.511025e-08
1	-1.500000e-02	1.000000e-04	1.000301e-04	3.010380e-08	1.000178e-04	1.235072e-08
1	-1.500000e-02	1.000000e-04	1.000336e-04	3.360039e-08	1.000177e-04	1.594692e-08
1	-1.500000e-02	1.000000e-04	1.000310e-04	3.098184e-08	1.000177e-04	1.328298e-08
1	-1.500000e-02	1.000000e-04	1.000325e-04	3.248159e-08	1.000176e-04	1.483317e-08
1	-1.500000e-02	1.000000e-04	1.000313e-04	3.128727e-08	1.000177e-04	1.354549e-08
1	-1.500000e-02	1.000000e-04	1.000313e-04	3.131599e-08	1.000178e-04	1.351258e-08
1	-1.500000e-02	1.000000e-04	1.000323e-04	3.227933e-08	1.000176e-04	1.470539e-08
1	-1.500000e-02	1.000000e-04	1.000337e-04	3.368573e-08	1.000177e-04	1.594541e-08
1	-1.500000e-02	1.000000e-04	1.000308e-04	3.082207e-08	1.000177e-04	1.312072e-08
1	-1.500000e-02	1.000000e-04	1.000332e-04	3.318814e-08	1.000176e-04	1.555400e-08
1	-1.500000e-02	1.000000e-04	1.000315e-04	3.152355e-08	1.000176e-04	1.388302e-08
1	-1.500000e-02	1.000000e-04	1.000315e-04	3.146155e-08	1.000177e-04	1.379567e-08
1	-1.500000e-02	1.000000e-04	1.000307e-04	3.073743e-08	1.000177e-04	1.301003e-08
1	-1.500000e-02	1.000000e-04	1.000299e-04	2.988866e-08	1.000176e-04	1.224629e-08
1	-1.500000e-02	1.000000e-04	1.000320e-04	3.202504e-08	1.000177e-04	1.433617e-08
1	-1.500000e-02	1.000000e-04	1.000316e-04	3.164538e-08	1.000177e-04	1.397966e-08
1	-1.500000e-02	1.000000e-04	1.000315e-04	3.152979e-08	1.000177e-04	1.382766e-08
1	-1.500000e-02	1.000000e-04	1.000328e-04	3.278187e-08	1.000177e-04	1.508726e-08
1	-1.500000e-02	1.000000e-04	1.000319e-04	3.185150e-08	1.000177e-04	1.417724e-08
1	-1.500000e-02	1.000000e-04	1.000315e-04	3.148946e-08	1.000177e-04	1.383843e-08
1	-1.500000e-02	1.000000e-04	1.000316e-04	3.159131e-08	1.000178e-04	1.380359e-08
1	-1.500000e-02	1.000000e-04	1.000319e-04	3.185060e-08	1.000176e-04	1.422040e-08
1	-1.500000e-02	1.000000e-04	1.000331e-04	3.305251e-08	1.000177e-04	1.538956e-08
1	-1.500000e-02	1.000000e-04	1.000310e-04	3.100561e-08	1.000177e-04	1.326474e-08
1	-1.500000e-02	1.000000e-04	1.000300e-04	2.997272e-08	1.000177e-04	1.224383e-08
1	-1.500000e-02	1.000000e-04	1.000325e-04	3.254951e-08	1.000177e-04	1.483166e-08
1	-1.500000e-02	1.000000e-04	1.000319e-04	3.186368e-08	1.000176e-04	1.423789e-08
1	-1.500000e-02	1.000000e-04	1.000308e-04	3.080290e-08	1.000176e-04	1.320130e-08
1	-1.500000e-02	1.000000e-04	1.000331e-04	3.309596e-08	1.000177e-04	1.536941e-08
1	-1.500000e-02	1.000000e-04	1.000324e-04	3.242346e-08	1.000177e-04	1.473359e-08
1	-1.500000e-02	1.000000e-04	1.000325e-04	3.250697e-08	1.000177e-04	1.482704e-08
1	-1.500000e-02	1.000000e-04	1.000324e-04	3.237864e-08	1.000176e-04	1.474186e-08
1	-1.500000e-02	1.000000e-04	1.000328e-04	3.277034e-08	1.000178e-04	1.500314e-08
1	-1.500000e-02	1.000000e-04	1.000326e-04	3.255045e-08	1.000176e-04	1.494863e-08
1	-1.500000e-02	1.000000e-04	1.000320e-04	3.200057e-08	1.000178e-04	1.420949e-08
1	-1.500000e-02	1.000000e-04	1.000321e-04	3.207228e-08	1.000177e-04	1.436062e-08
1	-1.500000e-02	1.000000e-04	1.000337e-04	3.367607e-08	1.000176e-04	1.603479e-08
1	-1.500000e-02	1.000000e-04	1.000329e-04	3.294244e-08	1.000177e-04	1.519986e-08
1	-1.500000e-02	1.000000e-04	1.000334e-04	3.343918e-08	1.000177e-04	1.576582e-08
1	-1.500000e-02	1.000000e-04	1.000308e-04	3.077072e-08	1.000177e-04	1.303073e-08
1	-1.500000e-02	1.000000e-04	1.000341e-04	3.413269e-08	1.000177e-04	1.644371e-08
1	-1.500000e-02	1.000000e-04	1.000330e-04	3.301313e-08	1.000177e-04	1.533024e-08
1	-1.500000e-02	1.000000e-04	1.000319e-04	3.191677e-08	1.000177e-04	1.417789e-08
1	-1.500000e-02	1.000000e-04	1.000316e-04	3.161453e-08	1.000177e-04	1.388387e-08
1	-1.500000e-02	1.000000e-04	1.000319e-04	3.194160e-08	1.000177e-04	1.419427e-08
1	-1.500000e-02	1.000000e-04	1.000318e-04	3.179611e-08	1.000177e-04	1.411189e-08
1	-1.500000e-02	1.000000e-04	1.000311e-04	3.110359e-08	1.000177e-04	1.341796e-08
1	-1.500000e-02	1.000000e-04	1.000310e-04	3.104193e-08	1.000178e-04	1.328482e-08
1	-1.500000e-02	1.000000e-04	1.000329e-04	3.294700e-08	1.000177e-04	1.529042e-08
1	-1.500000e-02	1.000000e-04	1.000337e-04	3.365226e-08	1.000177e-04	1.598060e-08
1	-1.500000e-02	1.000000e-04	1.000327e-04	3.273689e-08	1.000176e-04	1.514066e-08
1	-1.500000e-02	1.000000e-04	1.000311e-04	3.105794e-08	1.000177e-04	1.334160e-08
1	-1.500000e-02	1.000000e-04	1.000312e-04	3.120842e-08	1.000177e-04	1.352968e-08
1	-1.500000e-02	1.000000e-04	1.000315e-04	3.153213e-08	1.000178e-04	1.375559e-08
1	-1.500000e-02	1.000000e-04	1.000329e-04	3.285978e-08	1.000178e-04	1.510889e-08
1	-1.500000e-02	1.000000e-04	1.000315e-04	3.149420e-08	1.000177e-04	1.382014e-08
1	-1.500000e-02	1.000000e-04	1.000317e-04	3.165146e-08	1.000178e-04	1.387466e-08
1	-1.500000e-02	1.000000e-04	1.000334e-04	3.340364e-08	1.000176e-04	1.577067e-08
1	-1.500000e-02	1.000000e-04	1.000332e-04	3.318136e-08	1.000177e-04	1.553044e-08
1	-1.500000e-02	1.000000e-04	1.000327e-04	3.265568e-08	1.000177e-04	1.500274e-08
1	-1.500000e-02	1.000000e-04	1.000325e-04	3.252431e-08	1.000177e-04	1.483220e-08
1	-1.500000e-02	1.000000e-04	1.000332e-04	3.324751e-08	1.000177e-04	1.550625e-08
1	-1.500000e-02	1.000000e-04	1.000341e-04	3.414985e-08	1.000177e-04	1.649212e-08
1	-1.500000e-02	1.000000e-04	1.000333e-04	3.328440e-08	1.000179e-04	1.543041e-08
1	-1.500000e-02	1.000000e-04	1.000327e-04	3.274534e-08	1.000177e-04	1.506280e-08
1	-1.500000e-02	1.000000e-04	1.000314e-04	3.137709e-08	1.000176e-04	1.375347e-08
1	-1.500000e-02	1.000000e-04	1.000315e-04	3.149373e-08	1.000177e-04	1.380346e-08
1	-1.500000e-02	1.000000e-04	1.000322e-04	3.217918e-08	1.000177e-04	1.442949e-08
1	-1.500000e-02	1.000000e-04	1.000333e-04	3.328955e-08	1.000177e-04	1.559547e-08
1	-1.500000e-02	1.000000e-04	1.000327e-04	3.265731e-08	1.000177e-04	1.492894e-08
1	-1.500000e-02	1.000000e-04	1.000323e-04	3.226226e-08	1.000177e-04	1.458048e-08
1	-1.500000e-02	1.000000e-04	1.000326e-04	3.261447e-08	1.000177e-04	1.491187e-08
1	-1.500000e-02	1.000000e-04	1.000321e-04	3.205747e-08	1.000177e-04	1.431688e-08
1	-1.500000e-02	1.000000e-04	1.000307e-04	3.073097e-08	1.000177e-04	1.303509e-08
1	-1.500000e-02	1.000000e-04	1.000335e-04	3.346014e-08	1.000177e-04	1.575887e-08
1	-1.500000e-02	1.000000e-04	1.000334e-04	3.340282e-08	1.000178e-04	1.563803e-08
1	-1.500000e-02	1.000000e-04	1.000318e-04	3.179700e-08	1.000176e-04	1.415547e-08
1	-1.500000e-02	1.000000e-04	1.000312e-04	3.121192e-08	1.000177e-04	1.351334e-08
1	-1.500000e-02	1.000000e-04	1.000321e-04	3.210568e-08	1.000178e-04	1.433515e-08
1	-1.500000e-02	1.000000e-04	1.000319e-04	3.193652e-08	1.000177e-04	1.420988e-08
1	-1.500000e-02	1.000000e-04	1.000339e-04	3.389342e-08	1.000177e-04	1.619289e-08
1	-1.500000e-02	1.000000e-04	1.000314e-04	3.137731e-08	1.000177e-04	1.367866e-08
1	-1.500000e-02	1.000000e-04	1.000325e-04	3.245672e-08	1.000177e-04	1.477324e-08
1	-1.500000e-02	1.000000e-04	1.000326e-04	3.256360e-08	1.000177e-04	1.485859e-08
1	-1.500000e-02	1.000000e-04	1.000330e-04	3.295733e-08	1.000176e-04	1.531979e-08
1	-1.500000e-02	1.000000e-04	1.000321e-04	3.206266e-08	1.000177e-04	1.437354e-08
1	-1.500000e-02	1.000000e-04	1.000312e-04	3.121530e-08	1.000177e-04	1.348593e-08
1	-1.500000e-02	1.000000e-04	1.000338e-04	3.375023e-08	1.000176e-04	1.613832e-08
1	-1.500000e-02	1.000000e-04	1.000326e-04	3.257716e-08	1.000177e-04	1.484849e-08
1	-1.500000e-02	1.000000e-04	1.000332e-04	3.319975e-08	1.000177e-04	1.550803e-08
1	-1.500000e-02	1.000000e-04	1.000313e-04	3.133931e-08	1.000177e-04	1.364947e-08
1	-1.500000e-02	1.000000e-04	1.000327e-04	3.270389e-08	1.000177e-04	1.500587e-08
1	-1.500000e-02	1.000000e-04	1.000324e-04	3.244367e-08	1.000177e-04	1.476626e-08
1	-1.500000e-02	1.000000e-04	1.000311e-04	3.109248e-08	1.000176e-04	1.345444e-08
1	-1.500000e-02	1.000000e-04	1.000319e-04	3.190249e-08	1.000177e-04	1.423719e-08
1	-1.500000e-02	1.000000e-04	1.000312e-04	3.122341e-08	1.000177e-04	1.348476e-08
1	-1.500000e-02	1.000000e-04	1.000311e-04	3.110654e-08	1.000177e-04	1.342324e-08
1	-1.500000e-02	9.999999e-05	1.000334e-04	3.335996e-08	1.000177e-04	1.562506e-08
1	-1.500000e-02	1.000000e-04	1.000310e-04	3.101393e-08	1.000177e-04	1.331210e-08
1	-1.500000e-02	1.000000e-04	1.000315e-04	3.151347e-08	1.000177e-04	1.386205e-08
1	-1.500000e-02	1.000000e-04	1.000315e-04	3.152174e-08	1.000177e-04	1.380495e-08
1	-1.500000e-02	1.000000e-04	1.000302e-04	3.021021e-08	1.000177e-04	1.252596e-08
1	-1.500000e-02	1.000000e-04	1.000314e-04	3.136715e-08	1.000177e-04	1.365364e-08
1	-1.500000e-02	1.000000e-04	1.000333e-04	3.330093e-08	1.000176e-04	1.565315e-08
1	-1.500000e-02	1.000000e-04	1.000329e-04	3.288352e-08	1.000177e-04	1.516900e-08
1	-1.500000e-02	1.000000e-04	1.000318e-04	3.180275e-08	1.000178e-04	1.403882e-08
1	-1.500000e-02	1.000000e-04	1.000320e-04	3.203968e-08	1.000177e-04	1.436909e-08
1	-1.500000e-02	1.000000e-04	1.000317e-04	3.173776e-08	1.000177e-04	1.399849e-08
1	-1.500000e-02	1.000000e-04	1.000304e-04	3.044167e-08	1.000177e-04	1.272546e-08
1	-1.500000e-02	1.000000e-04	1.000326e-04	3.260482e-08	1.000177e-04	1.489134e-08
1	-1.500000e-02	1.000000e-04	1.000323e-04	3.229792e-08	1.000178e-04	1.454001e-08
1	-1.500000e-02	1.000000e-04	1.000325e-04	3.245968e-08	1.000177e-04	1.476135e-08
1	-1.500000e-02	1.000000e-04	1.000323e-04	3.231444e-08	1.000177e-04	1.457653e-08
1	-1.500000e-02	1.000000e-04	1.000322e-04	3.220885e-08	1.000177e-04	1.448622e-08
1	-1.500000e-02	1.000000e-04	1.000332e-04	3.316270e-08	1.000176e-04	1.551836e-08
1	-1.500000e-02	1.000000e-04	1.000318e-04	3.180470e-08	1.000176e-04	1.416140e-08
1	-1.500000e-02	1.000000e-04	1.000320e-04	3.199410e-08	1.000177e-04	1.432633e-08
1	-1.500000e-02	1.000000e-04	1.000320e-04	3.202438e-08	1.000176e-04	1.440160e-08
1	-1.500000e-02	1.000000e-04	1.000320e-04	3.201768e-08	1.000177e-04	1.427512e-08
1	-1.500000e-02	1.000000e-04	1.000318e-04	3.177756e-08	1.000177e-04	1.404598e-08
1	-1.500000e-02	1.000000e-04	1.000320e-04	3.203098e-08	1.000177e-04	1.434443e-08
1	-1.500000e-02	1.000000e-04	1.000311e-04	3.110827e-08	1.000177e-04	1.340053e-08
1	-1.500000e-02	1.000000e-04	1.000317e-04	3.167980e-08	1.000178e-04	1.392537e-08
1	-1.500000e-02	1.000000e-04	1.000312e-04	3.115970e-08	1.000178e-04	1.336265e-08
1	-1.500000e-02	1.000000e-04	1.000325e-04	3.245637e-08	1.000177e-04	1.478303e-08
1	-1.500000e-02	1.000000e-04	1.000314e-04	3.135203e-08	1.000177e-04	1.365998e-08
1	-1.500000e-02	1.000000e-04	1.000320e-04	3.200315e-08	1.000176e-04	1.435924e-08
1	-1.500000e-02	1.000000e-04	1.000330e-04	3.295367e-08	1.000177e-04	1.526237e-08
1	-1.500000e-02	1.000000e-04	1.000343e-04	3.432737e-08	1.000176e-04	1.669074e-08
1	-1.500000e-02	1.000000e-04	1.000319e-04	3.194857e-08	1.000177e-04	1.426203e-08
1	-1.500000e-02	1.000000e-04	1.000324e-04	3.239161e-08	1.000177e-04	1.472994e-08
1	-1.500000e-02	1.000000e-04	1.000323e-04	3.234818e-08	1.000177e-04	1.468634e-08
1	-1.500000e-02	1.000000e-04	1.000317e-04	3.165231e-08	1.000177e-04	1.398503e-08
1	-1.500000e-02	1.000000e-04	1.000324e-04	3.237862e-08	1.000178e-04	1.460854e-08
1	-1.500000e-02	1.000000e-04	1.000310e-04	3.100413e-08	1.000177e-04	1.332626e-08
1	-1.500000e-02	1.000000e-04	1.000308e-04	3.082105e-08	1.000176e-04	1.319851e-08
1	-1.500000e-02	1.000000e-04	1.000319e-04	3.194258e-08	1.000176e-04	1.432061e-08
1	-1.500000e-02	1.000000e-04	1.000334e-04	3.339980e-08	1.000177e-04	1.572109e-08
1	-1.500000e-02	1.000000e-04	1.000316e-04	3.164329e-08	1.000177e-04	1.389668e-08
1	-1.500000e-02	1.000000e-04	1.000324e-04	3.240240e-08	1.000177e-04	1.474518e-08
1	-1.500000e-02	1.000000e-04	1.000328e-04	3.280679e-08	1.000176e-04	1.517031e-08
1	-1.500000e-02	1.000000e-04	1.000320e-04	3.200580e-08	1.000177e-04	1.426336e-08
1	-1.500000e-02	1.000000e-04	1.000315e-04	3.147388e-08	1.000177e-04	1.379068e-08
1	-1.500000e-02	1.000000e-04	1.000318e-04	3.182468e-08	1.000177e-04	1.411851e-08
1	-1.500000e-02	1.000000e-04	1.000327e-04	3.268985e-08	1.000176e-04	1.508297e-08
1	-1.500000e-02	1.000000e-04	1.000323e-04	3.230473e-08	1.000177e-04	1.460862e-08
1	-1.500000e-02	1.000000e-04	1.000328e-04	3.277026e-08	1.000178e-04	1.495995e-08
1	-1.500000e-02	1.000000e-04	1.000328e-04	3.277721e-08	1.000177e-04	1.506875e-08
1	-1.500000e-02	1.000000e-04	1.000323e-04	3.226354e-08	1.000177e-04	1.456999e-08
1	-1.500000e-02	1.000000e-04	1.000327e-04	3.269930e-08	1.000176e-04	1.506565e-08
1	-1.500000e-02	1.000000e-04	1.000327e-04	3.272541e-08	1.000176e-04	1.508295e-08
1	-1.500000e-02	1.000000e-04	1.000317e-04	3.166028e-08	1.000176e-04	1.401108e-08
1	-1.500000e-02	1.000000e-04	1.000338e-04	3.376511e-08	1.000177e-04	1.604465e-08
1	-1.500000e-02	1.000000e-04	1.000318e-04	3.183490e-08	1.000177e-04	1.409696e-08
1	-1.500000e-02	1.000000e-04	1.000317e-04	3.169123e-08	1.000177e-04	1.395802e-08
1	-1.500000e-02	1.000000e-04	1.000317e-04	3.168890e-08	1.000177e-04	1.399754e-08
1	-1.500000e-02	1.000000e-04	1.000324e-04	3.243767e-08	1.000177e-04	1.472849e-08
1	-1.500000e-02	1.000000e-04	1.000318e-04	3.184407e-08	1.000178e-04	1.409236e-08
1	-1.500000e-02	1.000000e-04	1.000316e-04	3.158034e-08	1.000177e-04	1.390789e-08
1	-1.500000e-02	1.000000e-04	1.000325e-04	3.245730e-08	1.000176e-04	1.482460e-08
1	-1.500000e-02	1.000000e-04	1.000331e-04	3.310035e-08	1.000176e-04	1.554616e-08
1	-1.500000e-02	1.000000e-04	1.000325e-04	3.249311e-08	1.000176e-04	1.486709e-08
1	-1.500000e-02	1.000000e-04	1.000322e-04	3.215960e-08	1.000177e-04	1.443508e-08
1	-1.500000e-02	1.000000e-04	1.000322e-04	3.215457e-08	1.000177e-04	1.449597e-08
1	-1.500000e-02	1.000000e-04	1.000310e-04	3.104024e-08	1.000177e-04	1.332975e-08
1	-1.500000e-02	1.000000e-04	1.000316e-04	3.160542e-08	1.000177e-04	1.394548e-08
1	-1.500000e-02	1.000000e-04	1.000316e-04	3.156860e-08	1.000177e-04	1.390688e-08
1	-1.500000e-02	1.000000e-04	1.000336e-04	3.355283e-08	1.000177e-04	1.589890e-08
1	-1.500000e-02	1.000000e-04	1.000324e-04	3.242731e-08	1.000177e-04	1.470438e-08
1	-1.500000e-02	1.000000e-04	1.000325e-04	3.246352e-08	1.000177e-04	1.475660e-08
1	-1.500000e-02	1.000000e-04	1.000305e-04	3.045393e-08	1.000177e-04	1.275876e-08
1	-1.500000e-02	1.000000e-04	1.000315e-04	3.149702e-08	1.000177e-04	1.379959e-08
1	-1.500000e-02	1.000000e-04	1.000331e-04	3.305708e-08	1.000176e-04	1.540864e-08
1	-1.500000e-02	1.000000e-04	1.000316e-04	3.163018e-08	1.000177e-04	1.396845e-08
1	-1.500000e-02	1.000000e-04	1.000317e-04	3.167096e-08	1.000177e-04	1.393475e-08
1	-1.500000e-02	1.000000e-04	1.000328e-04	3.275406e-08	1.000177e-04	1.504455e-08
1	-1.500000e-02	1.000000e-04	1.000325e-04	3.245368e-08	1.000177e-04	1.470975e-08
1	-1.500000e-02	1.000000e-04	1.000315e-04	3.150407e-08	1.000177e-04	1.381178e-08
1	-1.500000e-02	1.000000e-04	1.000319e-04	3.186143e-08	1.000177e-04	1.416024e-08
1	-1.500000e-02	1.000000e-04	1.000316e-04	3.164424e-08	1.000177e-04	1.391781e-08
1	-1.500000e-02	1.000000e-04	1.000326e-04	3.264167e-08	1.000177e-04	1.496561e-08
1	-1.500000e-02	1.000000e-04	1.000312e-04	3.116717e-08	1.000177e-04	1.347041e-08
1	-1.500000e-02	1.000000e-04	1.000316e-04	3.164122e-08	1.000178e-04	1.388958e-08
1	-1.500000e-02	1.000000e-04	1.000337e-04	3.374257e-08	1.000177e-04	1.604598e-08
1	-1.500000e-02	1.000000e-04	1.000326e-04	3.255151e-08	1.000177e-04	1.486430e-08
1	-1.500000e-02	1.000000e-04	1.000328e-04	3.284212e-08	1.000177e-04	1.516046e-08
1	-1.500000e-02	1.000000e-04	1.000334e-04	3.341339e-08	1.000176e-04	1.578303e-08
1	-1.500000e-02	1.000000e-04	1.000323e-04	3.225094e-08	1.000177e-04	1.459525e-08
1	-1.500000e-02	1.000000e-04	1.000320e-04	3.204021e-08	1.000177e-04	1.433233e-08
1	-1.500000e-02	1.000000e-04	1.000323e-04	3.229434e-08	1.000177e-04	1.462832e-08
1	-1.500000e-02	1.000000e-04	1.000326e-04	3.257795e-08	1.000176e-04	1.495510e-08
1	-1.500000e-02	1.000000e-04	1.000336e-04	3.357336e-08	1.000177e-04	1.587300e-08
1	-1.500000e-02	1.000000e-04	1.000313e-04	3.134864e-08	1.000177e-04	1.369096e-08
1	-1.500000e-02	1.000000e-04	1.000328e-04	3.277050e-08	1.000177e-04	1.503649e-08
1	-1.500000e-02	1.000000e-04	1.000316e-04	3.155884e-08	1.000177e-04	1.383066e-08
1	-1.500000e-02	1.000000e-04	1.000334e-04	3.344424e-08	1.000177e-04	1.571557e-08
1	-1.500000e-02	1.000000e-04	1.000309e-04	3.088457e-08	1.000178e-04	1.311282e-08
1	-1.500000e-02	1.000000e-04	1.000313e-04	3.134094e-08	1.000176e-04	1.374282e-08
1	-1.500000e-02	1.000000e-04	1.000318e-04	3.177999e-08	1.000177e-04	1.403936e-08
1	-1.500000e-02	1.000000e-04	1.000319e-04	3.191350e-08	1.000177e-04	1.420314e-08
1	-1.500000e-02	1.000000e-04	1.000305e-04	3.050264e-08	1.000177e-04	1.284673e-08
1	-1.500000e-02	1.000000e-04	1.000314e-04	3.137830e-08	1.000177e-04	1.366573e-08
1	-1.500000e-02	1.000000e-04	1.000313e-04	3.126092e-08	1.000177e-04	1.355807e-08
1	-1.500000e-02	1.000000e-04	1.000328e-04	3.284976e-08	1.000177e-04	1.511430e-08
1	-1.500000e-02	1.000000e-04	1.000311e-04	3.111890e-08	1.000177e-04	1.339313e-08
1	-1.500000e-02	1.000000e-04	1.000321e-04	3.205698e-08	1.000177e-04	1.431091e-08
1	-1.500000e-02	1.000000e-04	1.000321e-04	3.213265e-08	1.000177e-04	1.439090e-08
1	-1.500000e-02	1.000000e-04	1.000326e-04	3.262579e-08	1.000177e-04	1.494117e-08
1	-1.500000e-02	1.000000e-04	1.000322e-04	3.221104e-08	1.000177e-04	1.452991e-08
1	-1.500000e-02	1.000000e-04	1.000298e-04	2.980445e-08	1.000177e-04	1.207997e-08
1	-1.500000e-02	1.000000e-04	1.000324e-04	3.237651e-08	1.000178e-04	1.461393e-08
1	-1.500000e-02	1.000000e-04	1.000314e-04	3.144592e-08	1.000177e-04	1.377674e-08
1	-1.500000e-02	1.000000e-04	1.000319e-04	3.193867e-08	1.000177e-04	1.421540e-08
1	-1.500000e-02	1.000000e-04	1.000326e-04	3.258808e-08	1.000177e-04	1.490763e-08
1	-1.500000e-02	1.000000e-04	1.000340e-04	3.404455e-08	1.000177e-04	1.636822e-08
1	-1.500000e-02	1.000000e-04	1.000326e-04	3.262203e-08	1.000177e-04	1.488993e-08
1	-1.500000e-02	1.000000e-04	1.000304e-04	3.040944e-08	1.000177e-04	1.267585e-08
1	-1.500000e-02	1.000000e-04	1.000322e-04	3.220541e-08	1.000177e-04	1.448775e-08
1	-1.500000e-02	1.000000e-04	1.000342e-04	3.423134e-08	1.000178e-04	1.645027e-08
1	-1.500000e-02	1.000000e-04	1.000343e-04	3.432467e-08	1.000177e-04	1.661760e-08
1	-1.500000e-02	1.000000e-04	1.000330e-04	3.302333e-08	1.000177e-04	1.527619e-08
1	-1.500000e-02	1.000000e-04	1.000342e-04	3.419164e-08	1.000177e-04	1.647940e-08
1	-1.500000e-02	1.000000e-04	1.000309e-04	3.088780e-08	1.000178e-04	1.311609e-08
1	-1.500000e-02	1.000000e-04	1.000321e-04	3.207034e-08	1.000176e-04	1.447004e-08
1	-1.500000e-02	1.000000e-04	1.000333e-04	3.327843e-08	1.000177e-04	1.561354e-08
1	-1.500000e-02	1.000000e-04	1.000315e-04	3.154503e-08	1.000177e-04	1.387277e-08
1	-1.500000e-02	1.000000e-04	1.000312e-04	3.123558e-08	1.000176e-04	1.359042e-08
1	-1.500000e-02	1.000000e-04	1.000337e-04	3.372314e-08	1.000177e-04	1.606868e-08
1	-1.500000e-02	1.000000e-04	1.000311e-04	3.113573e-08	1.000177e-04	1.341964e-08
1	-1.500000e-02	1.000000e-04	1.000328e-04	3.281423e-08	1.000177e-04	1.512409e-08
1	-1.500000e-02	1.000000e-04	1.000326e-04	3.257313e-08	1.000176e-04	1.497525e-08
1	-1.500000e-02	1.000000e-04	1.000314e-04	3.144516e-08	1.000177e-04	1.374036e-08
1	-1.500000e-02	1.000000e-04	1.000313e-04	3.126838e-08	1.000177e-04	1.352972e-08
1	-1.500000e-02	1.000000e-04	1.000323e-04	3.226422e-08	1.000177e-04	1.454479e-08
1	-1.500000e-02	1.000000e-04	1.000321e-04	3.206626e-08	1.000177e-04	1.434087e-08
1	-1.500000e-02	1.000000e-04	1.000332e-04	3.316883e-08	1.000176e-04	1.552218e-08
1	-1.500000e-02	1.000000e-04	1.000315e-04	3.145448e-08	1.000177e-04	1.378717e-08
1	-1.500000e-02	1.000000e-04	1.000314e-04	3.137343e-08	1.000177e-04	1.364785e-08
1	-1.500000e-02	1.000000e-04	1.000323e-04	3.225446e-08	1.000176e-04	1.462295e-08
1	-1.500000e-02	1.000000e-04	1.000314e-04	3.137660e-08	1.000178e-04	1.360096e-08
1	-1.500000e-02	1.000000e-04	1.000314e-04	3.140208e-08	1.000177e-04	1.369541e-08
1	-1.500000e-02	1.000000e-04	1.000322e-04	3.218312e-08	1.000177e-04	1.452928e-08
1	-1.500000e-02	1.000000e-04	1.000337e-04	3.373888e-08	1.000177e-04	1.603090e-08
1	-1.500000e-02	1.000000e-04	1.000324e-04	3.242986e-08	1.000177e-04	1.470301e-08
1	-1.500000e-02	1.000000e-04	1.000324e-04	3.244417e-08	1.000177e-04	1.473850e-08
1	-1.500000e-02	1.000000e-04	1.000338e-04	3.378424e-08	1.000177e-04	1.604103e-08
1	-1.500000e-02	1.000000e-04	1.000315e-04	3.154112e-08	1.000176e-04	1.390233e-08
1	-1.500000e-02	1.000000e-04	1.000325e-04	3.249961e-08	1.000177e-04	1.478352e-08
1	-1.500000e-02	1.000000e-04	1.000329e-04	3.291245e-08	1.000177e-04	1.521135e-08
1	-1.500000e-02	1.000000e-04	1.000339e-04	3.391653e-08	1.000177e-04	1.624242e-08
1	-1.500000e-02	1.000000e-04	1.000306e-04	3.059073e-08	1.000177e-04	1.289230e-08
1	-1.500000e-02	1.000000e-04	1.000340e-04	3.396694e-08	1.000177e-04	1.625939e-08
1	-1.500000e-02	1.000000e-04	1.000315e-04	3.149526e-08	1.000177e-04	1.377812e-08
1	-1.500000e-02	1.000000e-04	1.000316e-04	3.155568e-08	1.000177e-04	1.390207e-08
1	-1.500000e-02	1.000000e-04	1.000325e-04	3.251804e-08	1.000178e-04	1.476717e-08
1	-1.500000e-02	1.000000e-04	1.000320e-04	3.199982e-08	1.000178e-04	1.420005e-08
1	-1.500000e-02	1.000000e-04	1.000329e-04	3.288459e-08	1.000177e-04	1.515137e-08
1	-1.500000e-02	1.000000e-04	1.000333e-04	3.325416e-08	1.000176e-04	1.561053e-08
1	-1.500000e-02	1.000000e-04	1.000312e-04	3.119727e-08	1.000178e-04	1.344079e-08
1	-1.500000e-02	1.000000e-04	1.000325e-04	3.250832e-08	1.000177e-04	1.484638e-08
1	-1.500000e-02	1.000000e-04	1.000327e-04	3.268076e-08	1.000177e-04	1.499451e-08
1	-1.500000e-02	1.000000e-04	1.000320e-04	3.198285e-08	1.000177e-04	1.427518e-08
1	-1.500000e-02	1.000000e-04	1.000303e-04	3.031222e-08	1.000177e-04	1.262327e-08
1	-1.500000e-02	1.000000e-04	1.000331e-04	3.308932e-08	1.000177e-04	1.537022e-08
1	-1.500000e-02	1.000000e-04	1.000321e-04	3.208961e-08	1.000177e-04	1.440873e-08
1	-1.500000e-02	1.000000e-04	1.000325e-04	3.246341e-08	1.000178e-04	1.468021e-08
1	-1.500000e-02	1.000000e-04	1.000327e-04	3.271514e-08	1.000177e-04	1.499437e-08
1	-1.500000e-02	1.000000e-04	1.000316e-04	3.157642e-08	1.000177e-04	1.388515e-08
1	-1.500000e-02	1.000000e-04	1.000314e-04	3.140178e-08	1.000176e-04	1.375437e-08
1	-1.500000e-02	1.000000e-04	1.000324e-04	3.236012e-08	1.000177e-04	1.466009e-08
1	-1.500000e-02	1.000000e-04	1.000322e-04	3.220592e-08	1.000177e-04	1.448443e-08
1	-1.500000e-02	1.000000e-04	1.000306e-04	3.056760e-08	1.000177e-04	1.286817e-08
1	-1.500000e-02	1.000000e-04	1.000318e-04	3.176979e-08	1.000176e-04	1.417814e-08
1	-1.500000e-02	1.000000e-04	1.000313e-04	3.125832e-08	1.000177e-04	1.352760e-08
1	-1.500000e-02	1.000000e-04	1.000323e-04	3.228489e-08	1.000177e-04	1.458530e-08
1	-1.500000e-02	1.000000e-04	1.000316e-04	3.164762e-08	1.000176e-04	1.400063e-08
1	-1.500000e-02	1.000000e-04	1.000326e-04	3.256302e-08	1.000177e-04	1.489640e-08
1	-1.500000e-02	1.000000e-04	1.000329e-04	3.291565e-08	1.000178e-04	1.513819e-08
1	-1.500000e-02	1.000000e-04	1.000320e-04	3.198914e-08	1.000177e-04	1.429100e-08
1	-1.500000e-02	1.000000e-04	1.000327e-04	3.265958e-08	1.000177e-04	1.491994e-08
1	-1.500000e-02	1.000000e-04	1.000334e-04	3.336873e-08	1.000176e-04	1.573977e-08
1	-1.500000e-02	1.000000e-04	1.000321e-04	3.211655e-08	1.000177e-04	1.440522e-08
1	-1.500000e-02	1.000000e-04	1.000330e-04	3.295333e-08	1.000176e-04	1.533713e-08
1	-1.500000e-02	1.000000e-04	1.000314e-04	3.140613e-08	1.000177e-04	1.370298e-08
1	-1.500000e-02	1.000000e-04	1.000321e-04	3.211927e-08	1.000178e-04	1.436183e-08
1	-1.500000e-02	1.000000e-04	1.000326e-04	3.263229e-08	1.000177e-04	1.491173e-08
1	-1.500000e-02	1.000000e-04	1.000319e-04	3.192995e-08	1.000177e-04	1.425860e-08
1	-1.500000e-02	1.000000e-04	1.000336e-04	3.355723e-08	1.000176e-04	1.591049e-08
1	-1.500000e-02	1.000000e-04	1.000331e-04	3.308991e-08	1.000177e-04	1.539535e-08
1	-1.500000e-02	1.000000e-04	1.000315e-04	3.145506e-08	1.000178e-04	1.368033e-08
1	-1.500000e-02	1.000000e-04	1.000333e-04	3.329160e-08	1.000176e-04	1.566143e-08
1	-1.500000e-02	1.000000e-04	1.000312e-04	3.124694e-08	1.000177e-04	1.358718e-08
1	-1.500000e-02	1.000000e-04	1.000318e-04	3.179896e-08	1.000176e-04	1.417735e-08
1	-1.500000e-02	1.000000e-04	1.000320e-04	3.204487e-08	1.000177e-04	1.430028e-08
1	-1.500000e-02	1.000000e-04	1.000327e-04	3.265633e-08	1.000177e-04	1.495890e-08
1	-1.500000e-02	1.000000e-04	1.000305e-04	3.045851e-08	1.000177e-04	1.276875e-08
1	-1.500000e-02	1.000000e-04	1.000324e-04	3.244672e-08	1.000177e-04	1.479255e-08
1	-1.500000e-02	1.000000e-04	1.000329e-04	3.287748e-08	1.000177e-04	1.521661e-08
1	-1.500000e-02	1.000000e-04	1.000329e-04	3.292646e-08	1.000177e-04	1.521756e-08
1	-1.500000e-02	1.000000e-04	1.000333e-04	3.332278e-08	1.000177e-04	1.559340e-08
1	-1.500000e-02	1.000000e-04	1.000334e-04	3.343275e-08	1.000177e-04	1.575391e-08
1	-1.500000e-02	1.000000e-04	1.000304e-04	3.040530e-08	1.000177e-04	1.272821e-08
1	-1.500000e-02	1.000000e-04	1.000314e-04	3.143292e-08	1.000176e-04	1.378702e-08
1	-1.500000e-02	1.000000e-04	1.000306e-04	3.056659e-08	1.000178e-04	1.279980e-08
1	-1.500000e-02	1.000000e-04	1.000342e-04	3.415006e-08	1.000177e-04	1.644052e-08
1	-1.500000e-02	1.000000e-04	1.000312e-04	3.121427e-08	1.000178e-04	1.342571e-08
1	-1.500000e-02	1.000000e-04	1.000321e-04	3.207588e-08	1.000177e-04	1.435744e-08
1	-1.500000e-02	1.000000e-04	1.000320e-04	3.200273e-08	1.000177e-04	1.431059e-08
1	-1.500000e-02	1.000000e-04	1.000335e-04	3.350076e-08	1.000178e-04	1.569738e-08
1	-1.500000e-02	1.000000e-04	1.000333e-04	3.334243e-08	1.000177e-04	1.564917e-08
1	-1.500000e-02	1.000000e-04	1.000323e-04	3.228841e-08	1.000176e-04	1.464779e-08
1	-1.500000e-02	1.000000e-04	1.000329e-04	3.288382e-08	1.000177e-04	1.519049e-08
1	-1.500000e-02	1.000000e-04	1.000317e-04	3.166112e-08	1.000176e-04	1.401155e-08
1	-1.500000e-02	9.999999e-05	1.000321e-04	3.211583e-08	1.000177e-04	1.436233e-08
1	-1.500000e-02	1.000000e-04	1.000322e-04	3.221231e-08	1.000178e-04	1.444284e-08
1	-1.500000e-02	1.000000e-04	1.000325e-04	3.254287e-08	1.000177e-04	1.480466e-08
1	-1.500000e-02	1.000000e-04	1.000319e-04	3.185278e-08	1.000178e-04	1.409072e-08
1	-1.500000e-02	1.000000e-04	1.000328e-04	3.281337e-08	1.000176e-04	1.522176e-08
1	-1.500000e-02	1.000000e-04	1.000310e-04	3.097573e-08	1.000176e-04	1.334659e-08
1	-1.500000e-02	1.000000e-04	1.000324e-04	3.244784e-08	1.000176e-04	1.482177e-08
1	-1.500000e-02	1.000000e-04	1.000325e-04	3.252492e-08	1.000177e-04	1.479022e-08
1	-1.500000e-02	1.000000e-04	1.000322e-04	3.218638e-08	1.000177e-04	1.450168e-08
1	-1.500000e-02	1.000000e-04	1.000330e-04	3.302702e-08	1.000178e-04	1.527651e-08
1	-1.500000e-02	1.000000e-04	1.000314e-04	3.135988e-08	1.000177e-04	1.366531e-08
1	-1.500000e-02	1.000000e-04	1.000330e-04	3.301389e-08	1.000177e-04	1.530275e-08
1	-1.500000e-02	1.000000e-04	1.000312e-04	3.115142e-08	1.000177e-04	1.343461e-08
1	-1.500000e-02	1.000000e-04	1.000329e-04	3.293913e-08	1.000177e-04	1.523918e-08
1	-1.500000e-02	1.000000e-04	1.000319e-04	3.190416e-08	1.000177e-04	1.423548e-08
1	-1.500000e-02	1.000000e-04	1.000321e-04	3.211079e-08	1.000177e-04	1.437580e-08
1	-1.500000e-02	1.000000e-04	1.000338e-04	3.375599e-08	1.000177e-04	1.602837e-08
1	-1.500000e-02	9.999999e-05	1.000325e-04	3.252296e-08	1.000176e-04	1.486942e-08
1	-1.500000e-02	1.000000e-04	1.000311e-04	3.106870e-08	1.000177e-04	1.338028e-08
1	-1.500000e-02	1.000000e-04	1.000315e-04	3.147530e-08	1.000176e-04	1.382823e-08
1	-1.500000e-02	1.000000e-04	1.000322e-04	3.220113e-08	1.000176e-04	1.458771e-08
1	-1.500000e-02	1.000000e-04	1.000321e-04	3.210405e-08	1.000177e-04	1.445113e-08
1	-1.500000e-02	1.000000e-04	1.000310e-04	3.099947e-08	1.000176e-04	1.337379e-08
1	-1.500000e-02	1.000000e-04	1.000309e-04	3.090820e-08	1.000177e-04	1.322718e-08
1	-1.500000e-02	1.000000e-04	1.000318e-04	3.182199e-08	1.000177e-04	1.413062e-08
1	-1.500000e-02	1.000000e-04	1.000306e-04	3.056422e-08	1.000177e-04	1.284691e-08
1	-1.500000e-02	1.000000e-04	1.000316e-04	3.159376e-08	1.000177e-04	1.394052e-08
1	-1.500000e-02	9.999999e-05	1.000311e-04	3.107846e-08	1.000177e-04	1.332300e-08
1	-1.500000e-02	1.000000e-04	1.000318e-04	3.181840e-08	1.000177e-04	1.409909e-08
1	-1.500000e-02	1.000000e-04	1.000330e-04	3.299895e-08	1.000177e-04	1.526218e-08
1	-1.500000e-02	1.000000e-04	1.000323e-04	3.226857e-08	1.000177e-04	1.456760e-08
1	-1.500000e-02	1.000000e-04	1.000319e-04	3.187193e-08	1.000178e-04	1.410731e-08
1	-1.500000e-02	1.000000e-04	1.000327e-04	3.272898e-08	1.000177e-04	1.503644e-08
1	-1.500000e-02	1.000000e-04	1.000321e-04	3.208540e-08	1.000177e-04	1.439558e-08
1	-1.500000e-02	1.000000e-04	1.000321e-04	3.212731e-08	1.000178e-04	1.437695e-08
1	-1.500000e-02	1.000000e-04	1.000327e-04	3.265464e-08	1.000178e-04	1.490143e-08
1	-1.500000e-02	1.000000e-04	1.000315e-04	3.150537e-08	1.000176e-04	1.388987e-08
1	-1.500000e-02	1.000000e-04	1.000338e-04	3.376210e-08	1.000177e-04	1.608582e-08
1	-1.500000e-02	1.000000e-04	1.000324e-04	3.237662e-08	1.000177e-04	1.469524e-08
1	-1.500000e-02	1.000000e-04	1.000315e-04	3.148943e-08	1.000177e-04	1.377096e-08
1	-1.500000e-02	1.000000e-04	1.000321e-04	3.209928e-08	1.000177e-04	1.438734e-08
1	-1.500000e-02	1.000000e-04	1.000305e-04	3.049617e-08	1.000176e-04	1.289562e-08
1	-1.500000e-02	1.000000e-04	1.000335e-04	3.351278e-08	1.000177e-04	1.577082e-08
1	-1.500000e-02	1.000000e-04	1.000311e-04	3.111294e-08	1.000177e-04	1.342529e-08
1	-1.500000e-02	1.000000e-04	1.000317e-04	3.168006e-08	1.000177e-04	1.402118e-08
1	-1.500000e-02	1.000000e-04	1.000305e-04	3.046984e-08	1.000177e-04	1.273047e-08
1	-1.500000e-02	1.000000e-04	1.000326e-04	3.261185e-08	1.000177e-04	1.488725e-08
1	-1.500000e-02	1.000000e-04	1.000330e-04	3.301573e-08	1.000177e-04	1.531209e-08
1	-1.500000e-02	1.000000e-04	1.000309e-04	3.086242e-08	1.000176e-04	1.323925e-08
1	-1.500000e-02	1.000000e-04	1.000312e-04	3.124586e-08	1.000176e-04	1.360947e-08
1	-1.500000e-02	1.000000e-04	1.000321e-04	3.211294e-08	1.000176e-04	1.446362e-08
1	-1.500000e-02	1.000000e-04	1.000332e-04	3.321632e-08	1.000176e-04	1.557321e-08
1	-1.500000e-02	1.000000e-04	1.000310e-04	3.104399e-08	1.000177e-04	1.332339e-08
1	-1.500000e-02	1.000000e-04	1.000319e-04	3.188515e-08	1.000177e-04	1.418928e-08
1	-1.500000e-02	1.000000e-04	1.000327e-04	3.273171e-08	1.000178e-04	1.498108e-08
1	-1.500000e-02	1.000000e-04	1.000332e-04	3.320818e-08	1.000177e-04	1.554307e-08
1	-1.500000e-02	1.000000e-04	1.000326e-04	3.257889e-08	1.000176e-04	1.493699e-08
1	-1.500000e-02	1.000000e-04	1.000319e-04	3.192555e-08	1.000177e-04	1.421106e-08
1	-1.500000e-02	1.000000e-04	1.000308e-04	3.078018e-08	1.000177e-04	1.312329e-08
1	-1.500000e-02	1.000000e-04	1.000310e-04	3.104458e-08	1.000176e-04	1.345010e-08
1	-1.500000e-02	1.000000e-04	1.000330e-04	3.301345e-08	1.000177e-04	1.529592e-08
1	-1.500000e-02	1.000000e-04	1.000326e-04	3.258258e-08	1.000177e-04	1.487914e-08
1	-1.500000e-02	1.000000e-04	1.000337e-04	3.367558e-08	1.000177e-04	1.592584e-08
1	-1.500000e-02	1.000000e-04	1.000349e-04	3.487701e-08	1.000177e-04	1.719242e-08
1	-1.500000e-02	1.000000e-04	1.000321e-04	3.211470e-08	1.000177e-04	1.438137e-08
1	-1.500000e-02	1.000000e-04	1.000317e-04	3.165565e-08	1.000177e-04	1.394383e-08
1	-1.500000e-02	1.000000e-04	1.000322e-04	3.215192e-08	1.000177e-04	1.440763e-08
1	-1.500000e-02	1.000000e-04	1.000319e-04	3.192287e-08	1.000177e-04	1.420910e-08
1	-1.500000e-02	1.000000e-04	1.000318e-04	3.184104e-08	1.000177e-04	1.416824e-08
1	-1.500000e-02	1.000000e-04	1.000330e-04	3.304884e-08	1.000176e-04	1.542263e-08
1	-1.500000e-02	1.000000e-04	1.000325e-04	3.246120e-08	1.000177e-04	1.471265e-08
1	-1.500000e-02	1.000000e-04	1.000318e-04	3.179577e-08	1.000176e-04	1.416531e-08
1	-1.500000e-02	1.000000e-04	1.000341e-04	3.414262e-08	1.000177e-04	1.644661e-08
1	-1.500000e-02	1.000000e-04	1.000329e-04	3.293140e-08	1.000177e-04	1.527985e-08
1	-1.500000e-02	1.000000e-04	1.000314e-04	3.142465e-08	1.000177e-04	1.373022e-08
1	-1.500000e-02	1.000000e-04	1.000314e-04	3.139076e-08	1.000177e-04	1.372109e-08
1	-1.500000e-02	1.000000e-04	1.000309e-04	3.093530e-08	1.000177e-04	1.324373e-08
1	-1.500000e-02	1.000000e-04	1.000333e-04	3.329081e-08	1.000177e-04	1.557266e-08
1	-1.500000e-02	1.000000e-04	1.000320e-04	3.196298e-08	1.000177e-04	1.430259e-08
1	-1.500000e-02	1.000000e-04	1.000326e-04	3.255313e-08	1.000176e-04	1.492954e-08
1	-1.500000e-02	1.000000e-04	1.000325e-04	3.249009e-08	1.000177e-04	1.478046e-08
1	-1.500000e-02	1.000000e-04	1.000309e-04	3.093136e-08	1.000177e-04	1.325576e-08
1	-1.500000e-02	1.000000e-04	1.000310e-04	3.103753e-08	1.000178e-04	1.326893e-08
1	-1.500000e-02	1.000000e-04	1.000318e-04	3.175869e-08	1.000177e-04	1.401921e-08
1	-1.500000e-02	1.000000e-04	1.000318e-04	3.184830e-08	1.000177e-04	1.416280e-08
1	-1.500000e-02	1.000000e-04	1.000315e-04	3.145156e-08	1.000176e-04	1.383345e-08
1	-1.500000e-02	1.000000e-04	1.000326e-04	3.258895e-08	1.000177e-04	1.488149e-08
1	-1.500000e-02	1.000000e-04	1.000330e-04	3.299925e-08	1.000177e-04	1.528525e-08
1	-1.500000e-02	1.000000e-04	1.000318e-04	3.175249e-08	1.000177e-04	1.406461e-08
1	-1.500000e-02	1.000000e-04	1.000325e-04	3.246036e-08	1.000177e-04	1.476552e-08
1	-1.500000e-02	1.000000e-04	1.000317e-04	3.169270e-08	1.000177e-04	1.396624e-08
1	-1.500000e-02	1.000000e-04	1.000321e-04	3.211739e-08	1.000177e-04	1.444158e-08
1	-1.500000e-02	1.000000e-04	1.000336e-04	3.359066e-08	1.000177e-04	1.587301e-08
1	-1.500000e-02	1.000000e-04	1.000316e-04	3.163254e-08	1.000177e-04	1.394694e-08
1	-1.500000e-02	1.000000e-04	1.000318e-04	3.178369e-08	1.000177e-04	1.411409e-08
1	-1.500000e-02	1.000000e-04	1.000335e-04	3.352478e-08	1.000177e-04	1.580720e-08
1	-1.500000e-02	1.000000e-04	1.000303e-04	3.026438e-08	1.000177e-04	1.251479e-08
1	-1.500000e-02	1.000000e-04	1.000330e-04	3.295821e-08	1.000177e-04	1.528489e-08
1	-1.500000e-02	1.000000e-04	1.000303e-04	3.026913e-08	1.000176e-04	1.265268e-08
1	-1.500000e-02	1.000000e-04	1.000338e-04	3.376007e-08	1.000177e-04	1.601013e-08
1	-1.500000e-02	1.000000e-04	1.000308e-04	3.083662e-08	1.000176e-04	1.321563e-08
1	-1.500000e-02	1.000000e-04	1.000329e-04	3.285701e-08	1.000177e-04	1.514335e-08
1	-1.500000e-02	1.000000e-04	1.000327e-04	3.268418e-08	1.000176e-04	1.507391e-08
1	-1.500000e-02	1.000000e-04	1.000305e-04	3.053068e-08	1.000177e-04	1.278908e-08
1	-1.500000e-02	1.000000e-04	1.000312e-04	3.118490e-08	1.000176e-04	1.354971e-08
1	-1.500000e-02	1.000000e-04	1.000326e-04	3.262989e-08	1.000176e-04	1.499912e-08
1	-1.500000e-02	1.000000e-04	1.000323e-04	3.230967e-08	1.000177e-04	1.458754e-08
1	-1.500000e-02	1.000000e-04	1.000304e-04	3.040707e-08	1.000176e-04	1.277262e-08
1	-1.500000e-02	1.000000e-04	1.000318e-04	3.179308e-08	1.000176e-04	1.418814e-08
1	-1.500000e-02	1.000000e-04	1.000322e-04	3.224447e-08	1.000176e-04	1.461125e-08
1	-1.500000e-02	1.000000e-04	1.000321e-04	3.214885e-08	1.000176e-04	1.456617e-08
1	-1.500000e-02	1.000000e-04	1.000334e-04	3.336844e-08	1.000177e-04	1.561946e-08
1	-1.500000e-02	1.000000e-04	1.000325e-04	3.247125e-08	1.000176e-04	1.484604e-08
1	-1.500000e-02	1.000000e-04	1.000325e-04	3.252100e-08	1.000176e-04	1.490418e-08
1	-1.500000e-02	1.000000e-04	1.000328e-04	3.279958e-08	1.000178e-04	1.504200e-08
1	-1.500000e-02	1.000000e-04	1.000341e-04	3.407413e-08	1.000178e-04	1.626245e-08
1	-1.500000e-02	1.000000e-04	1.000327e-04	3.272337e-08	1.000178e-04	1.490723e-08
1	-1.500000e-02	1.000000e-04	1.000331e-04	3.307119e-08	1.000177e-04	1.538562e-08
1	-1.500000e-02	1.000000e-04	1.000328e-04	3.281949e-08	1.000177e-04	1.509421e-08
1	-1.500000e-02	1.000000e-04	1.000312e-04	3.122273e-08	1.000177e-04	1.349916e-08
1	-1.500000e-02	1.000000e-04	1.000334e-04	3.343973e-08	1.000177e-04	1.576371e-08
1	-1.500000e-02	1.000000e-04	1.000323e-04	3.227565e-08	1.000177e-04	1.454222e-08
1	-1.500000e-02	1.000000e-04	1.000313e-04	3.126693e-08	1.000178e-04	1.350957e-08
1	-1.500000e-02	1.000000e-04	1.000320e-04	3.202437e-08	1.000177e-04	1.430073e-08
1	-1.500000e-02	1.000000e-04	1.000313e-04	3.126959e-08	1.000177e-04	1.358917e-08
1	-1.500000e-02	1.000000e-04	1.000342e-04	3.421892e-08	1.000177e-04	1.654102e-08
1	-1.500000e-02	1.000000e-04	1.000327e-04	3.267152e-08	1.000177e-04	1.496717e-08
1	-1.500000e-02	1.000000e-04	1.000315e-04	3.150857e-08	1.000177e-04	1.381870e-08
1	-1.500000e-02	1.000000e-04	1.000314e-04	3.136419e-08	1.000176e-04	1.372161e-08
1	-1.500000e-02	1.000000e-04	1.000321e-04	3.213428e-08	1.000177e-04	1.446833e-08
1	-1.500000e-02	1.000000e-04	1.000326e-04	3.257713e-08	1.000177e-04	1.489261e-08
1	-1.500000e-02	1.000000e-04	1.000326e-04	3.263900e-08	1.000177e-04	1.498210e-08
1	-1.500000e-02	1.000000e-04	1.000312e-04	3.116331e-08	1.000177e-04	1.347715e-08
1	-1.500000e-02	1.000000e-04	1.000324e-04	3.242358e-08	1.000177e-04	1.474299e-08
1	-1.500000e-02	1.000000e-04	1.000313e-04	3.127488e-08	1.000177e-04	1.359743e-08
1	-1.500000e-02	1.000000e-04	1.000320e-04	3.195332e-08	1.000177e-04	1.420344e-08
1	-1.500000e-02	1.000000e-04	1.000337e-04	3.372803e-08	1.000176e-04	1.608313e-08
1	-1.500000e-02	1.000000e-04	1.000311e-04	3.109161e-08	1.000178e-04	1.334053e-08
1	-1.500000e-02	1.000000e-04	1.000309e-04	3.091755e-08	1.000178e-04	1.313107e-08
1	-1.500000e-02	1.000000e-04	1.000304e-04	3.040751e-08	1.000177e-04	1.267815e-08
1	-1.500000e-02	1.000000e-04	1.000326e-04	3.258292e-08	1.000177e-04	1.488388e-08
1	-1.500000e-02	1.000000e-04	1.000317e-04	3.167683e-08	1.000177e-04	1.398323e-08
1	-1.500000e-02	1.000000e-04	1.000325e-04	3.246097e-08	1.000177e-04	1.474223e-08
1	-1.500000e-02	1.000000e-04	1.000312e-04	3.124717e-08	1.000177e-04	1.358856e-08
1	-1.500000e-02	1.000000e-04	1.000309e-04	3.086405e-08	1.000177e-04	1.317120e-08
1	-1.500000e-02	1.000000e-04	1.000341e-04	3.412202e-08	1.000178e-04	1.636595e-08
1	-1.500000e-02	1.000000e-04	1.000325e-04	3.251684e-08	1.000177e-04	1.480814e-08
1	-1.500000e-02	1.000000e-04	1.000319e-04	3.191556e-08	1.000177e-04	1.419375e-08
1	-1.500000e-02	1.000000e-04	1.000346e-04	3.458244e-08	1.000177e-04	1.683583e-08
1	-1.500000e-02	1.000000e-04	1.000333e-04	3.330081e-08	1.000177e-04	1.564831e-08
1	-1.500000e-02	9.999999e-05	1.000322e-04	3.225271e-08	1.000177e-04	1.452178e-08
1	-1.500000e-02	1.000000e-04	1.000319e-04	3.190073e-08	1.000177e-04	1.418729e-08
1	-1.500000e-02	1.000000e-04	1.000317e-04	3.172772e-08	1.000177e-04	1.402055e-08
1	-1.500000e-02	1.000000e-04	1.000323e-04	3.231493e-08	1.000177e-04	1.462041e-08
1	-1.500000e-02	1.000000e-04	1.000309e-04	3.092867e-08	1.000177e-04	1.319816e-08
1	-1.500000e-02	1.000000e-04	1.000322e-04	3.218262e-08	1.000177e-04	1.448662e-08
1	-1.500000e-02	1.000000e-04	1.000318e-04	3.183603e-08	1.000177e-04	1.416268e-08
1	-1.500000e-02	1.000000e-04	1.000318e-04	3.184972e-08	1.000177e-04	1.419707e-08
1	-1.500000e-02	1.000000e-04	1.000324e-04	3.235749e-08	1.000177e-04	1.465421e-08
1	-1.500000e-02	9.999999e-05	1.000326e-04	3.263745e-08	1.000177e-04	1.493431e-08
1	-1.500000e-02	1.000000e-04	1.000323e-04	3.231325e-08	1.000177e-04	1.460513e-08
1	-1.500000e-02	1.000000e-04	1.000318e-04	3.183575e-08	1.000177e-04	1.409577e-08
1	-1.500000e-02	1.000000e-04	1.000316e-04	3.157132e-08	1.000177e-04	1.387385e-08
1	-1.500000e-02	1.000000e-04	1.000307e-04	3.073448e-08	1.000177e-04	1.306952e-08
1	-1.500000e-02	1.000000e-04	1.000320e-04	3.202003e-08	1.000177e-04	1.434546e-08
1	-1.500000e-02	1.000000e-04	1.000321e-04	3.208813e-08	1.000177e-04	1.438197e-08
1	-1.500000e-02	1.000000e-04	1.000322e-04	3.222168e-08	1.000177e-04	1.454514e-08
1	-1.500000e-02	1.000000e-04	1.000317e-04	3.166044e-08	1.000177e-04	1.395212e-08
1	-1.500000e-02	1.000000e-04	1.000321e-04	3.214788e-08	1.000177e-04	1.443188e-08
1	-1.500000e-02	1.000000e-04	1.000300e-04	2.995181e-08	1.000177e-04	1.220630e-08
1	-1.500000e-02	1.000000e-04	1.000304e-04	3.040829e-08	1.000177e-04	1.272057e-08
1	-1.500000e-02	1.000000e-04	1.000331e-04	3.310496e-08	1.000178e-04	1.533906e-08
1	-1.500000e-02	1.000000e-04	1.000323e-04	3.234771e-08	1.000177e-04	1.463339e-08
1	-1.500000e-02	1.000000e-04	1.000311e-04	3.114872e-08	1.000177e-04	1.346662e-08
1	-1.500000e-02	1.000000e-04	1.000313e-04	3.129861e-08	1.000177e-04	1.355978e-08
1	-1.500000e-02	1.000000e-04	1.000336e-04	3.362058e-08	1.000177e-04	1.594746e-08
1	-1.500000e-02	1.000000e-04	1.000315e-04	3.147650e-08	1.000178e-04	1.370377e-08
1	-1.500000e-02	1.000000e-04	1.000309e-04	3.088480e-08	1.000177e-04	1.318628e-08
1	-1.500000e-02	1.000000e-04	1.000322e-04	3.215484e-08	1.000177e-04	1.444931e-08
1	-1.500000e-02	1.000000e-04	1.000315e-04	3.145132e-08	1.000178e-04	1.366248e-08
1	-1.500000e-02	1.000000e-04	1.000323e-04	3.232053e-08	1.000177e-04	1.459856e-08
1	-1.500000e-02	1.000000e-04	1.000321e-04	3.213268e-08	1.000177e-04	1.439318e-08
1	-1.500000e-02	1.000000e-04	1.000326e-04	3.256749e-08	1.000177e-04	1.484831e-08
1	-1.500000e-02	1.000000e-04	1.000326e-04	3.262592e-08	1.000177e-04	1.489743e-08
1	-1.500000e-02	1.000000e-04	1.000326e-04	3.256654e-08	1.000176e-04	1.492380e-08
1	-1.500000e-02	1.000000e-04	1.000316e-04	3.160148e-08	1.000176e-04	1.401771e-08
1	-1.500000e-02	1.000000e-04	1.000314e-04	3.143976e-08	1.000178e-04	1.368972e-08
1	-1.500000e-02	1.000000e-04	1.000312e-04	3.124270e-08	1.000177e-04	1.350906e-08
1	-1.500000e-02	1.000000e-04	1.000331e-04	3.307762e-08	1.000177e-04	1.542326e-08
1	-1.500000e-02	1.000000e-04	1.000324e-04	3.240049e-08	1.000177e-04	1.470404e-08
1	-1.500000e-02	1.000000e-04	1.000325e-04	3.250372e-08	1.000177e-04	1.480877e-08
1	-1.500000e-02	1.000000e-04	1.000332e-04	3.317005e-08	1.000176e-04	1.553593e-08
1	-1.500000e-02	1.000000e-04	1.000331e-04	3.308246e-08	1.000177e-04	1.540464e-08
1	-1.500000e-02	1.000000e-04	1.000333e-04	3.329874e-08	1.000177e-04	1.557648e-08
1	-1.500000e-02	1.000000e-04	1.000320e-04	3.204050e-08	1.000176e-04	1.439898e-08
1	-1.500000e-02	1.000000e-04	1.000315e-04	3.148403e-08	1.000177e-04	1.379975e-08
1	-1.500000e-02	1.000000e-04	1.000323e-04	3.231533e-08	1.000177e-04	1.464185e-08
1	-1.500000e-02	1.000000e-04	1.000325e-04	3.249516e-08	1.000178e-04	1.471179e-08
1	-1.500000e-02	1.000000e-04	1.000317e-04	3.172147e-08	1.000177e-04	1.406360e-08
1	-1.500000e-02	1.000000e-04	1.000327e-04	3.271688e-08	1.000177e-04	1.497988e-08
1	-1.500000e-02	1.000000e-04	1.000318e-04	3.175250e-08	1.000177e-04	1.407563e-08
1	-1.500000e-02	1.000000e-04	1.000310e-04	3.101170e-08	1.000177e-04	1.335187e-08
1	-1.500000e-02	1.000000e-04	1.000328e-04	3.278321e-08	1.000177e-04	1.508092e-08
1	-1.500000e-02	1.000000e-04	1.000329e-04	3.286802e-08	1.000177e-04	1.520625e-08
1	-1.500000e-02	1.000000e-04	1.000315e-04	3.148383e-08	1.000178e-04	1.372593e-08
1	-1.500000e-02	1.000000e-04	1.000316e-04	3.157911e-08	1.000177e-04	1.383407e-08
1	-1.500000e-02	1.000000e-04	1.000325e-04	3.245574e-08	1.000177e-04	1.470905e-08
1	-1.500000e-02	1.000000e-04	1.000318e-04	3.178947e-08	1.000178e-04	1.401368e-08
1	-1.500000e-02	1.000000e-04	1.000310e-04	3.100803e-08	1.000177e-04	1.328284e-08
1	-1.500000e-02	1.000000e-04	1.000320e-04	3.203234e-08	1.000177e-04	1.433342e-08
1	-1.500000e-02	1.000000e-04	1.000326e-04	3.256512e-08	1.000177e-04	1.483557e-08
1	-1.500000e-02	1.000000e-04	1.000317e-04	3.171909e-08	1.000177e-04	1.400890e-08
1	-1.500000e-02	1.000000e-04	1.000331e-04	3.307312e-08	1.000177e-04	1.540764e-08
