3e-09	3e-08	2000	4000	2000	1.5e-12	10
1	-0.005	0.002	0.00200002	2.45974e-08	0	0.00200002
2	-0.01	0.003	0.00300002	1.71454e-08	0.00200002	0.000999993
3	-0.015	0.004	0.00400002	1.53192e-08	0.00300002	0.000999998
4	-0.02	0.005	0.00500001	1.44561e-08	0.00400002	0.000999999
5	-0.03	0.006	0.00600001	1.37022e-08	0.00500001	0.000999999
6	-0.05	0.007	0.00700001	1.32426e-08	0.00700001	1.78051e-11
7	-0.1	0.008	0.00800001	1.31576e-08	0.00800001	2.7055e-10
8	-0.2	0.009	0.00900001	1.31184e-08	0.00900001	4.03706e-10
9	-0.5	0.01	0.01	1.30604e-08	0.01	4.72065e-10
10	-1	0.011	0.011	1.30083e-08	0.011	4.80091e-10
11	-1.1	0.012	0.012	1.30037e-08	0.012	4.85894e-10
12	-1.2	0.013	0.013	1.30042e-08	0.013	4.92302e-10
13	-1.3	0.014	0.014	1.30118e-08	0.014	5.05217e-10
14	-1.4	0.015	0.015	1.30277e-08	0.015	5.25801e-10
15	-1.5	0.016	0.016	1.3049e-08	0.016	5.51386e-10
3e-09	3e-08	2000	4000	2000	1.5e-12	10
1	-0.003	0.001	0.00100002	2.34316e-08	0	0.00100002
2	-0.005	0.002	0.00200002	1.88725e-08	0.00100002	0.000999995
3	-0.01	0.003	0.00300002	1.56166e-08	0.00200002	0.000999997
4	-0.015	0.004	0.00400002	1.50391e-08	0.00400001	5.06039e-10
5	-0.02	0.005	0.00500001	1.49983e-08	0.00500001	9.6383e-10
6	-0.03	0.006	0.00600001	1.4963e-08	0.00600001	1.36144e-09
7	-0.05	0.007	0.00700001	1.49244e-08	0.00700001	1.65598e-09
8	-0.1	0.008	0.00800001	1.48691e-08	0.00800001	1.87498e-09
9	-0.2	0.009	0.00900001	1.48118e-08	0.00900001	1.9708e-09
10	-0.5	0.01	0.01	1.47167e-08	0.01	1.99667e-09
11	-1	0.011	0.011	1.46454e-08	0.011	1.98601e-09
12	-1.1	0.012	0.012	1.46418e-08	0.012	1.99287e-09
13	-1.2	0.013	0.013	1.46456e-08	0.013	2.00275e-09
14	-1.3	0.014	0.014	1.4662e-08	0.014	2.02453e-09
15	-1.4	0.015	0.015	1.46974e-08	0.015	2.0648e-09
16	-1.5	0.016	0.016	1.47619e-08	0.016	2.1336e-09
3e-09	3e-08	2000	4000	2000	1.5e-12	10
1	-0.003	0.001	0.00100002	2.07209e-08	0	0.00100002
2	-0.005	0.002	0.00200002	1.73728e-08	0.00100002	0.000999997
3	-0.01	0.003	0.00300001	1.46829e-08	0.00200002	0.000999997
4	-0.015	0.004	0.00400001	1.44925e-08	0.00400001	7.65033e-10
5	-0.02	0.005	0.00500001	1.44516e-08	0.00500001	1.17764e-09
6	-0.03	0.006	0.00600001	1.44141e-08	0.00600001	1.54807e-09
7	-0.05	0.007	0.00700001	1.43762e-08	0.00700001	1.82897e-09
8	-0.1	0.008	0.00800001	1.43203e-08	0.00800001	2.03685e-09
9	-0.2	0.009	0.00900001	1.42612e-08	0.00900001	2.12701e-09
10	-0.5	0.01	0.01	1.41705e-08	0.01	2.15342e-09
11	-1	0.011	0.011	1.41008e-08	0.011	2.14193e-09
12	-1.1	0.012	0.012	1.40944e-08	0.012	2.14592e-09
13	-1.2	0.013	0.013	1.40918e-08	0.013	2.14914e-09
14	-1.3	0.014	0.014	1.40955e-08	0.014	2.1581e-09
15	-1.4	0.015	0.015	1.41094e-08	0.015	2.17667e-09
16	-1.5	0.016	0.016	1.4137e-08	0.016	2.20838e-09
3e-09	3e-08	2000	4000	2000	1.5e-12	10
1	-0.003	0.001	0.00100002	2.10875e-08	0	0.00100002
2	-0.005	0.002	0.00200002	1.71753e-08	0.00100002	0.000999996
3	-0.01	0.003	0.00300001	1.43825e-08	0.00200002	0.000999997
4	-0.015	0.004	0.00400001	1.35124e-08	0.00300001	0.000999999
5	-0.02	0.005	0.00500001	1.33457e-08	0.00500001	1.95584e-10
6	-0.03	0.006	0.00600001	1.33115e-08	0.00600001	4.99795e-10
7	-0.05	0.007	0.00700001	1.32763e-08	0.00700001	7.46544e-10
8	-0.1	0.008	0.00800001	1.32278e-08	0.00800001	9.30263e-10
9	-0.2	0.009	0.00900001	1.3174e-08	0.00900001	1.00727e-09
10	-0.5	0.01	0.01	1.30796e-08	0.01	1.01718e-09
11	-1	0.011	0.011	1.30121e-08	0.011	1.00255e-09
12	-1.1	0.012	0.012	1.30111e-08	0.012	1.01176e-09
13	-1.2	0.013	0.013	1.30188e-08	0.013	1.02483e-09
14	-1.3	0.014	0.014	1.30378e-08	0.014	1.04863e-09
15	-1.4	0.015	0.015	1.30715e-08	0.015	1.08656e-09
16	-1.5	0.016	0.016	1.31261e-08	0.016	1.14499e-09
3e-09	3e-08	2000	4000	2000	1.5e-12	10
1	-0.003	0.001	0.00100002	2.00509e-08	0	0.00100002
2	-0.005	0.002	0.00200002	1.64151e-08	0.00100002	0.000999996
3	-0.01	0.003	0.00300001	1.36732e-08	0.00200002	0.000999997
4	-0.015	0.004	0.00400001	1.33044e-08	0.00400001	5.7336e-10
5	-0.02	0.005	0.00500001	1.32659e-08	0.00500001	9.72203e-10
6	-0.03	0.006	0.00600001	1.32337e-08	0.00600001	1.33274e-09
7	-0.05	0.007	0.00700001	1.32051e-08	0.00700001	1.61524e-09
8	-0.1	0.008	0.00800001	1.31568e-08	0.00800001	1.82487e-09
9	-0.2	0.009	0.00900001	1.30982e-08	0.00900001	1.91259e-09
10	-0.5	0.01	0.01	1.30043e-08	0.01	1.93328e-09
11	-1	0.011	0.011	1.29303e-08	0.011	1.91657e-09
12	-1.1	0.012	0.012	1.29201e-08	0.012	1.91668e-09
13	-1.2	0.013	0.013	1.29104e-08	0.013	1.91283e-09
14	-1.3	0.014	0.014	1.29008e-08	0.014	1.90833e-09
15	-1.4	0.015	0.015	1.28904e-08	0.015	1.90252e-09
16	-1.5	0.016	0.016	1.28778e-08	0.016	1.89399e-09
3e-09	3e-08	2000	4000	2000	1.5e-12	10
1	-0.003	0.001	0.00100002	2.44968e-08	0	0.00100002
2	-0.005	0.002	0.00200002	1.82795e-08	0.00100002	0.000999994
3	-0.01	0.003	0.00300001	1.46861e-08	0.00200002	0.000999996
4	-0.015	0.004	0.00400001	1.34722e-08	0.00300001	0.000999999
5	-0.02	0.005	0.00500001	1.30368e-08	0.00500001	1.39139e-10
6	-0.03	0.006	0.00600001	1.29744e-08	0.00600001	5.81591e-10
7	-0.05	0.007	0.00700001	1.29423e-08	0.00700001	9.07157e-10
8	-0.1	0.008	0.00800001	1.29121e-08	0.00800001	1.14859e-09
9	-0.2	0.009	0.00900001	1.28797e-08	0.00900001	1.26127e-09
10	-0.5	0.01	0.01	1.28267e-08	0.01	1.31785e-09
11	-1	0.011	0.011	1.2779e-08	0.011	1.32347e-09
12	-1.1	0.012	0.012	1.27743e-08	0.012	1.32895e-09
13	-1.2	0.013	0.013	1.27731e-08	0.013	1.33309e-09
14	-1.3	0.014	0.014	1.27779e-08	0.014	1.34268e-09
15	-1.4	0.015	0.015	1.27921e-08	0.015	1.36113e-09
16	-1.5	0.016	0.016	1.28174e-08	0.016	1.39025e-09
3e-09	3e-08	2000	4000	2000	1.5e-12	10
1	-0.005	0.002	0.00200003	2.54443e-08	0	0.00200003
2	-0.01	0.003	0.00300002	1.76917e-08	0.00200003	0.000999992
3	-0.015	0.004	0.00400002	1.57531e-08	0.00300002	0.000999998
4	-0.02	0.005	0.00500001	1.48278e-08	0.00400002	0.000999999
5	-0.03	0.006	0.00600001	1.40193e-08	0.00500001	0.000999999
6	-0.05	0.007	0.00700001	1.38078e-08	0.00700001	2.93904e-10
7	-0.1	0.008	0.00800001	1.37588e-08	0.00800001	6.0101e-10
8	-0.2	0.009	0.00900001	1.37166e-08	0.00900001	7.39651e-10
9	-0.5	0.01	0.01	1.36525e-08	0.01	8.07942e-10
10	-1	0.011	0.011	1.35955e-08	0.011	8.14212e-10
11	-1.1	0.012	0.012	1.35883e-08	0.012	8.1757e-10
12	-1.2	0.013	0.013	1.35833e-08	0.013	8.18787e-10
13	-1.3	0.014	0.014	1.35817e-08	0.014	8.22756e-10
14	-1.4	0.015	0.015	1.35854e-08	0.015	8.31439e-10
15	-1.5	0.016	0.016	1.35945e-08	0.016	8.44926e-10
3e-09	3e-08	2000	4000	2000	1.5e-12	10
1	-0.005	0.002	0.00200002	2.00571e-08	0	0.00200002
2	-0.01	0.003	0.00300002	1.58612e-08	0.00200002	0.000999996
3	-0.015	0.004	0.00400001	1.45975e-08	0.00300002	0.000999999
4	-0.02	0.005	0.00500001	1.4052e-08	0.00400001	0.000999999
5	-0.03	0.006	0.00600001	1.35933e-08	0.00500001	0.001
6	-0.05	0.007	0.00700001	1.33051e-08	0.00700001	3.30695e-11
7	-0.1	0.008	0.00800001	1.3244e-08	0.00800001	2.38294e-10
8	-0.2	0.009	0.00900001	1.32012e-08	0.00900001	3.38855e-10
9	-0.5	0.01	0.01	1.31266e-08	0.01	3.76255e-10
10	-1	0.011	0.011	1.30675e-08	0.011	3.72791e-10
11	-1.1	0.012	0.012	1.30695e-08	0.012	3.85115e-10
12	-1.2	0.013	0.013	1.3085e-08	0.013	4.06177e-10
13	-1.3	0.014	0.014	1.31212e-08	0.014	4.47354e-10
14	-1.4	0.015	0.015	1.31874e-08	0.015	5.1806e-10
15	-1.5	0.016	0.016	1.33133e-08	0.016	6.48051e-10
3e-09	3e-08	2000	4000	2000	1.5e-12	10
1	-0.003	0.001	0.00100002	1.89539e-08	0	0.00100002
2	-0.005	0.002	0.00200002	1.60041e-08	0.00100002	0.000999997
3	-0.01	0.003	0.00300001	1.38076e-08	0.00300001	2.13098e-10
4	-0.015	0.004	0.00400001	1.37421e-08	0.00400001	9.85682e-10
5	-0.02	0.005	0.00500001	1.37159e-08	0.00500001	1.33945e-09
6	-0.03	0.006	0.00600001	1.36907e-08	0.00600001	1.66257e-09
7	-0.05	0.007	0.00700001	1.36553e-08	0.00700001	1.91222e-09
8	-0.1	0.008	0.00800001	1.35972e-08	0.00800001	2.09296e-09
9	-0.2	0.009	0.00900001	1.35306e-08	0.00900001	2.1644e-09
10	-0.5	0.01	0.01	1.34296e-08	0.01	2.17247e-09
11	-1	0.011	0.011	1.33543e-08	0.011	2.15207e-09
12	-1.1	0.012	0.012	1.33442e-08	0.012	2.15224e-09
13	-1.2	0.013	0.013	1.3335e-08	0.013	2.14872e-09
14	-1.3	0.014	0.014	1.33268e-08	0.014	2.1454e-09
15	-1.4	0.015	0.015	1.33194e-08	0.015	2.14245e-09
16	-1.5	0.016	0.016	1.33128e-08	0.016	2.13995e-09
3e-09	3e-08	2000	4000	2000	1.5e-12	10
1	-0.003	0.001	0.00100002	1.94748e-08	0	0.00100002
2	-0.005	0.002	0.00200002	1.59129e-08	0.00100002	0.000999996
3	-0.01	0.003	0.00300001	1.32446e-08	0.00200002	0.000999997
4	-0.015	0.004	0.00400001	1.30724e-08	0.00400001	7.62608e-10
5	-0.02	0.005	0.00500001	1.30337e-08	0.00500001	1.16603e-09
6	-0.03	0.006	0.00600001	1.29993e-08	0.00600001	1.52914e-09
7	-0.05	0.007	0.00700001	1.29767e-08	0.00700001	1.81046e-09
8	-0.1	0.008	0.00800001	1.29496e-08	0.00800001	2.0284e-09
9	-0.2	0.009	0.00900001	1.292e-08	0.00900001	2.13454e-09
10	-0.5	0.01	0.01	1.28652e-08	0.01	2.18327e-09
11	-1	0.011	0.011	1.28134e-08	0.011	2.18239e-09
12	-1.1	0.012	0.012	1.28066e-08	0.012	2.18567e-09
13	-1.2	0.013	0.013	1.28008e-08	0.013	2.18506e-09
14	-1.3	0.014	0.014	1.27957e-08	0.014	2.18457e-09
15	-1.4	0.015	0.015	1.27895e-08	0.015	2.18242e-09
16	-1.5	0.016	0.016	1.27757e-08	0.016	2.17232e-09
3e-09	3e-08	2000	4000	2000	1.5e-12	10
1	-0.003	0.001	0.00100003	2.53658e-08	0	0.00100003
2	-0.005	0.002	0.00200002	1.9337e-08	0.00100003	0.000999994
3	-0.01	0.003	0.00300002	1.5592e-08	0.00200002	0.000999996
4	-0.015	0.004	0.00400001	1.44697e-08	0.00400001	1.50804e-10
5	-0.02	0.005	0.00500001	1.44073e-08	0.00500001	6.94529e-10
6	-0.03	0.006	0.00600001	1.43678e-08	0.00600001	1.1772e-09
7	-0.05	0.007	0.00700001	1.43378e-08	0.00700001	1.5251e-09
8	-0.1	0.008	0.00800001	1.42883e-08	0.00800001	1.77566e-09
9	-0.2	0.009	0.00900001	1.42305e-08	0.00900001	1.88211e-09
10	-0.5	0.01	0.01	1.41405e-08	0.01	1.91883e-09
11	-1	0.011	0.011	1.40696e-08	0.011	1.90872e-09
12	-1.1	0.012	0.012	1.40607e-08	0.012	1.91039e-09
13	-1.2	0.013	0.013	1.40534e-08	0.013	1.90938e-09
14	-1.3	0.014	0.014	1.40483e-08	0.014	1.90982e-09
15	-1.4	0.015	0.015	1.40457e-08	0.015	1.91216e-09
16	-1.5	0.016	0.016	1.40449e-08	0.016	1.91589e-09
3e-09	3e-08	2000	4000	2000	1.5e-12	10
1	-0.005	0.002	0.00200002	2.04563e-08	0	0.00200002
2	-0.01	0.003	0.00300002	1.6004e-08	0.00200002	0.000999996
3	-0.015	0.004	0.00400001	1.45866e-08	0.00300002	0.000999999
4	-0.02	0.005	0.00500001	1.39124e-08	0.00400001	0.000999999
5	-0.03	0.006	0.00600001	1.37736e-08	0.00600001	4.2257e-10
6	-0.05	0.007	0.00700001	1.3734e-08	0.00700001	7.77778e-10
7	-0.1	0.008	0.00800001	1.36983e-08	0.00800001	1.03745e-09
8	-0.2	0.009	0.00900001	1.36614e-08	0.00900001	1.15667e-09
9	-0.5	0.01	0.01	1.36024e-08	0.01	1.21543e-09
10	-1	0.011	0.011	1.35491e-08	0.011	1.21942e-09
11	-1.1	0.012	0.012	1.35445e-08	0.012	1.22503e-09
12	-1.2	0.013	0.013	1.35447e-08	0.013	1.231e-09
13	-1.3	0.014	0.014	1.35523e-08	0.014	1.24362e-09
14	-1.4	0.015	0.015	1.35677e-08	0.015	1.26351e-09
15	-1.5	0.016	0.016	1.35895e-08	0.016	1.28942e-09
3e-09	3e-08	2000	4000	2000	1.5e-12	10
1	-0.005	0.002	0.00200002	2.1838e-08	0	0.00200002
2	-0.01	0.003	0.00300002	1.70429e-08	0.00200002	0.000999995
3	-0.015	0.004	0.00400002	1.55356e-08	0.00300002	0.000999998
4	-0.02	0.005	0.00500001	1.48337e-08	0.00400002	0.000999999
5	-0.03	0.006	0.00600001	1.42422e-08	0.00500001	0.000999999
6	-0.05	0.007	0.00700001	1.40218e-08	0.00700001	1.82012e-10
7	-0.1	0.008	0.00800001	1.39748e-08	0.00800001	4.42953e-10
8	-0.2	0.009	0.00900001	1.39359e-08	0.00900001	5.65822e-10
9	-0.5	0.01	0.01	1.38669e-08	0.01	6.19504e-10
10	-1	0.011	0.011	1.38106e-08	0.011	6.23248e-10
11	-1.1	0.012	0.012	1.3814e-08	0.012	6.37001e-10
12	-1.2	0.013	0.013	1.38314e-08	0.013	6.60442e-10
13	-1.3	0.014	0.014	1.387e-08	0.014	7.04311e-10
14	-1.4	0.015	0.015	1.39391e-08	0.015	7.78179e-10
15	-1.5	0.016	0.016	1.40705e-08	0.016	9.13807e-10
3e-09	3e-08	2000	4000	2000	1.5e-12	10
1	-0.003	0.001	0.00100002	1.59895e-08	0	0.00100002
2	-0.005	0.002	0.00200001	1.39381e-08	0.00100002	0.000999998
3	-0.01	0.003	0.00300001	1.29514e-08	0.00300001	7.89427e-10
4	-0.015	0.004	0.00400001	1.29067e-08	0.00400001	1.3556e-09
5	-0.02	0.005	0.00500001	1.28882e-08	0.00500001	1.62041e-09
6	-0.03	0.006	0.00600001	1.28654e-08	0.00600001	1.87555e-09
7	-0.05	0.007	0.00700001	1.28337e-08	0.00700001	2.08715e-09
8	-0.1	0.008	0.00800001	1.27866e-08	0.00800001	2.25289e-09
9	-0.2	0.009	0.00900001	1.27286e-08	0.00900001	2.3205e-09
10	-0.5	0.01	0.01	1.2631e-08	0.01	2.32077e-09
11	-1	0.011	0.011	1.25629e-08	0.011	2.30309e-09
12	-1.1	0.012	0.012	1.25568e-08	0.012	2.30719e-09
13	-1.2	0.013	0.013	1.25545e-08	0.013	2.31011e-09
14	-1.3	0.014	0.014	1.25592e-08	0.014	2.3194e-09
15	-1.4	0.015	0.015	1.25755e-08	0.015	2.33992e-09
16	-1.5	0.016	0.016	1.26116e-08	0.016	2.37974e-09
3e-09	3e-08	2000	4000	2000	1.5e-12	10
1	-0.003	0.001	0.00100002	2.29598e-08	0	0.00100002
2	-0.005	0.002	0.00200002	1.83908e-08	0.00100002	0.000999995
3	-0.01	0.003	0.00300002	1.52368e-08	0.00200002	0.000999997
4	-0.015	0.004	0.00400001	1.41777e-08	0.00300002	0.000999999
5	-0.02	0.005	0.00500001	1.3974e-08	0.00500001	2.46847e-10
6	-0.03	0.006	0.00600001	1.39305e-08	0.00600001	6.15375e-10
7	-0.05	0.007	0.00700001	1.3892e-08	0.00700001	8.9812e-10
8	-0.1	0.008	0.00800001	1.38393e-08	0.00800001	1.10768e-09
9	-0.2	0.009	0.00900001	1.37831e-08	0.00900001	1.19855e-09
10	-0.5	0.01	0.01	1.36899e-08	0.01	1.22182e-09
11	-1	0.011	0.011	1.36157e-08	0.011	1.20596e-09
12	-1.1	0.012	0.012	1.36136e-08	0.012	1.21419e-09
13	-1.2	0.013	0.013	1.36218e-08	0.013	1.2283e-09
14	-1.3	0.014	0.014	1.36456e-08	0.014	1.25735e-09
15	-1.4	0.015	0.015	1.36885e-08	0.015	1.3049e-09
16	-1.5	0.016	0.016	1.37589e-08	0.016	1.37947e-09
3e-09	3e-08	2000	4000	2000	1.5e-12	10
1	-0.005	0.002	0.00200002	2.24939e-08	0	0.00200002
2	-0.01	0.003	0.00300002	1.59879e-08	0.00200002	0.000999993
3	-0.015	0.004	0.00400001	1.42875e-08	0.00300002	0.000999998
4	-0.02	0.005	0.00500001	1.34852e-08	0.00400001	0.000999999
5	-0.03	0.006	0.00600001	1.314e-08	0.00600001	3.33984e-10
6	-0.05	0.007	0.00700001	1.30972e-08	0.00700001	7.41015e-10
7	-0.1	0.008	0.00800001	1.30718e-08	0.00800001	1.03422e-09
8	-0.2	0.009	0.00900001	1.3044e-08	0.00900001	1.17013e-09
9	-0.5	0.01	0.01	1.29958e-08	0.01	1.24343e-09
10	-1	0.011	0.011	1.29498e-08	0.011	1.25604e-09
11	-1.1	0.012	0.012	1.29439e-08	0.012	1.26044e-09
12	-1.2	0.013	0.013	1.29396e-08	0.013	1.26193e-09
13	-1.3	0.014	0.014	1.29373e-08	0.014	1.26481e-09
14	-1.4	0.015	0.015	1.29392e-08	0.015	1.27126e-09
15	-1.5	0.016	0.016	1.29471e-08	0.016	1.28332e-09
3e-09	3e-08	2000	4000	2000	1.5e-12	10
1	-0.003	0.001	0.00100003	2.52259e-08	0	0.00100003
2	-0.005	0.002	0.00200002	1.90565e-08	0.00100003	0.000999994
3	-0.01	0.003	0.00300002	1.54116e-08	0.00200002	0.000999996
4	-0.015	0.004	0.00400001	1.42745e-08	0.00400001	9.31782e-11
5	-0.02	0.005	0.00500001	1.42021e-08	0.00500001	5.99004e-10
6	-0.03	0.006	0.00600001	1.41556e-08	0.00600001	1.05279e-09
7	-0.05	0.007	0.00700001	1.41212e-08	0.00700001	1.38018e-09
8	-0.1	0.008	0.00800001	1.40765e-08	0.00800001	1.62113e-09
9	-0.2	0.009	0.00900001	1.40278e-08	0.00900001	1.72774e-09
10	-0.5	0.01	0.01	1.39523e-08	0.01	1.77114e-09
11	-1	0.011	0.011	1.38913e-08	0.011	1.76862e-09
12	-1.1	0.012	0.012	1.38866e-08	0.012	1.77421e-09
13	-1.2	0.013	0.013	1.38868e-08	0.013	1.78029e-09
14	-1.3	0.014	0.014	1.38959e-08	0.014	1.79455e-09
15	-1.4	0.015	0.015	1.39192e-08	0.015	1.82249e-09
16	-1.5	0.016	0.016	1.39633e-08	0.016	1.87075e-09
3e-09	3e-08	2000	4000	2000	1.5e-12	10
1	-0.003	0.001	0.00100002	1.96697e-08	0	0.00100002
2	-0.005	0.002	0.00200002	1.64298e-08	0.00100002	0.000999997
3	-0.01	0.003	0.00300001	1.38518e-08	0.00200002	0.000999997
4	-0.015	0.004	0.00400001	1.3061e-08	0.00400001	7.55358e-11
5	-0.02	0.005	0.00500001	1.30042e-08	0.00500001	4.11107e-10
6	-0.03	0.006	0.00600001	1.29757e-08	0.00600001	7.39805e-10
7	-0.05	0.007	0.00700001	1.29529e-08	0.00700001	1.0101e-09
8	-0.1	0.008	0.00800001	1.292e-08	0.00800001	1.22268e-09
9	-0.2	0.009	0.00900001	1.28774e-08	0.00900001	1.3164e-09
10	-0.5	0.01	0.01	1.27985e-08	0.01	1.34316e-09
11	-1	0.011	0.011	1.27343e-08	0.011	1.3323e-09
12	-1.1	0.012	0.012	1.2728e-08	0.012	1.33612e-09
13	-1.2	0.013	0.013	1.27236e-08	0.013	1.33719e-09
14	-1.3	0.014	0.014	1.27188e-08	0.014	1.33723e-09
15	-1.4	0.015	0.015	1.27061e-08	0.015	1.32877e-09
16	-1.5	0.016	0.016	1.2671e-08	0.016	1.29759e-09
3e-09	3e-08	2000	4000	2000	1.5e-12	10
1	-0.005	0.002	0.00200002	2.15748e-08	0	0.00200002
2	-0.01	0.003	0.00300002	1.67939e-08	0.00200002	0.000999995
3	-0.015	0.004	0.00400002	1.53137e-08	0.00300002	0.000999999
4	-0.02	0.005	0.00500001	1.46198e-08	0.00400002	0.000999999
5	-0.03	0.006	0.00600001	1.43522e-08	0.00600001	3.13282e-10
6	-0.05	0.007	0.00700001	1.43058e-08	0.00700001	6.74101e-10
7	-0.1	0.008	0.00800001	1.42618e-08	0.00800001	9.40551e-10
8	-0.2	0.009	0.00900001	1.42167e-08	0.00900001	1.05935e-09
9	-0.5	0.01	0.01	1.41436e-08	0.01	1.11041e-09
10	-1	0.011	0.011	1.40771e-08	0.011	1.10443e-09
11	-1.1	0.012	0.012	1.40704e-08	0.012	1.10821e-09
12	-1.2	0.013	0.013	1.40688e-08	0.013	1.11265e-09
13	-1.3	0.014	0.014	1.40749e-08	0.014	1.12405e-09
14	-1.4	0.015	0.015	1.40897e-08	0.015	1.14365e-09
15	-1.5	0.016	0.016	1.41088e-08	0.016	1.167e-09
3e-09	3e-08	2000	4000	2000	1.5e-12	10
1	-0.003	0.001	0.00100002	1.89061e-08	0	0.00100002
2	-0.005	0.002	0.00200002	1.5807e-08	0.00100002	0.000999997
3	-0.01	0.003	0.00300001	1.33101e-08	0.00200002	0.000999997
4	-0.015	0.004	0.00400001	1.29751e-08	0.00400001	5.15634e-10
5	-0.02	0.005	0.00500001	1.29487e-08	0.00500001	8.78516e-10
6	-0.03	0.006	0.00600001	1.29281e-08	0.00600001	1.20972e-09
7	-0.05	0.007	0.00700001	1.29022e-08	0.00700001	1.46727e-09
8	-0.1	0.008	0.00800001	1.28597e-08	0.00800001	1.66026e-09
9	-0.2	0.009	0.00900001	1.28101e-08	0.00900001	1.74335e-09
10	-0.5	0.01	0.01	1.27262e-08	0.01	1.76428e-09
11	-1	0.011	0.011	1.26606e-08	0.011	1.75121e-09
12	-1.1	0.012	0.012	1.26526e-08	0.012	1.75346e-09
13	-1.2	0.013	0.013	1.26465e-08	0.013	1.75271e-09
14	-1.3	0.014	0.014	1.26435e-08	0.014	1.75447e-09
15	-1.4	0.015	0.015	1.26458e-08	0.015	1.76107e-09
16	-1.5	0.016	0.016	1.26567e-08	0.016	1.7758e-09
3e-09	3e-08	2000	4000	2000	1.5e-12	10
1	-0.005	0.002	0.00200003	2.65013e-08	0	0.00200003
2	-0.01	0.003	0.00300002	1.78005e-08	0.00200003	0.000999991
3	-0.015	0.004	0.00400002	1.57986e-08	0.00300002	0.000999998
4	-0.02	0.005	0.00500001	1.48404e-08	0.00400002	0.000999999
5	-0.03	0.006	0.00600001	1.39874e-08	0.00500001	0.000999999
6	-0.05	0.007	0.00700001	1.36643e-08	0.00700001	2.05524e-10
7	-0.1	0.008	0.00800001	1.36097e-08	0.00800001	5.17855e-10
8	-0.2	0.009	0.00900001	1.35781e-08	0.00900001	6.70343e-10
9	-0.5	0.01	0.01	1.35274e-08	0.01	7.52687e-10
10	-1	0.011	0.011	1.34759e-08	0.011	7.64122e-10
11	-1.1	0.012	0.012	1.34688e-08	0.012	7.67543e-10
12	-1.2	0.013	0.013	1.34635e-08	0.013	7.68468e-10
13	-1.3	0.014	0.014	1.34612e-08	0.014	7.71543e-10
14	-1.4	0.015	0.015	1.34624e-08	0.015	7.77711e-10
15	-1.5	0.016	0.016	1.34647e-08	0.016	7.8435e-10
3e-09	3e-08	2000	4000	2000	1.5e-12	10
1	-0.003	0.001	0.00100002	2.15297e-08	0	0.00100002
2	-0.005	0.002	0.00200002	1.77696e-08	0.00100002	0.000999996
3	-0.01	0.003	0.00300001	1.48703e-08	0.00200002	0.000999997
4	-0.015	0.004	0.00400001	1.46116e-08	0.00400001	7.57601e-10
5	-0.02	0.005	0.00500001	1.45712e-08	0.00500001	1.19706e-09
6	-0.03	0.006	0.00600001	1.45347e-08	0.00600001	1.5854e-09
7	-0.05	0.007	0.00700001	1.44973e-08	0.00700001	1.87239e-09
8	-0.1	0.008	0.00800001	1.44411e-08	0.00800001	2.08191e-09
9	-0.2	0.009	0.00900001	1.4383e-08	0.00900001	2.17445e-09
10	-0.5	0.01	0.01	1.4295e-08	0.01	2.20527e-09
11	-1	0.011	0.011	1.42265e-08	0.011	2.19591e-09
12	-1.1	0.012	0.012	1.42179e-08	0.012	2.1978e-09
13	-1.2	0.013	0.013	1.42108e-08	0.013	2.19666e-09
14	-1.3	0.014	0.014	1.42054e-08	0.014	2.19649e-09
15	-1.4	0.015	0.015	1.42025e-08	0.015	2.19836e-09
16	-1.5	0.016	0.016	1.42027e-08	0.016	2.20283e-09
3e-09	3e-08	2000	4000	2000	1.5e-12	10
1	-0.005	0.002	0.00200002	2.22779e-08	0	0.00200002
2	-0.01	0.003	0.00300002	1.74029e-08	0.00200002	0.000999995
3	-0.015	0.004	0.00400002	1.58482e-08	0.00300002	0.000999998
4	-0.02	0.005	0.00500002	1.51087e-08	0.00400002	0.000999999
5	-0.03	0.006	0.00600001	1.48887e-08	0.00600001	4.08194e-10
6	-0.05	0.007	0.00700001	1.48445e-08	0.00700001	7.94568e-10
7	-0.1	0.008	0.00800001	1.4801e-08	0.00800001	1.07296e-09
8	-0.2	0.009	0.00900001	1.4756e-08	0.00900001	1.19721e-09
9	-0.5	0.01	0.01	1.4684e-08	0.01	1.25272e-09
10	-1	0.011	0.011	1.46238e-08	0.011	1.25428e-09
11	-1.1	0.012	0.012	1.46227e-08	0.012	1.26371e-09
12	-1.2	0.013	0.013	1.46311e-08	0.013	1.27823e-09
13	-1.3	0.014	0.014	1.46513e-08	0.014	1.30378e-09
14	-1.4	0.015	0.015	1.46835e-08	0.015	1.34088e-09
15	-1.5	0.016	0.016	1.47315e-08	0.016	1.39318e-09
3e-09	3e-08	2000	4000	2000	1.5e-12	10
1	-0.003	0.001	0.00100002	1.80782e-08	0	0.00100002
2	-0.005	0.002	0.00200002	1.54567e-08	0.00100002	0.000999997
3	-0.01	0.003	0.00300001	1.37646e-08	0.00300001	4.45279e-10
4	-0.015	0.004	0.00400001	1.37141e-08	0.00400001	1.09309e-09
5	-0.02	0.005	0.00500001	1.36941e-08	0.00500001	1.38532e-09
6	-0.03	0.006	0.00600001	1.36702e-08	0.00600001	1.6622e-09
7	-0.05	0.007	0.00700001	1.36367e-08	0.00700001	1.8901e-09
8	-0.1	0.008	0.00800001	1.3584e-08	0.00800001	2.06077e-09
9	-0.2	0.009	0.00900001	1.35207e-08	0.00900001	2.12721e-09
10	-0.5	0.01	0.01	1.34175e-08	0.01	2.1279e-09
11	-1	0.011	0.011	1.33489e-08	0.011	2.11025e-09
12	-1.1	0.012	0.012	1.33437e-08	0.012	2.1153e-09
13	-1.2	0.013	0.013	1.33433e-08	0.013	2.12029e-09
14	-1.3	0.014	0.014	1.33518e-08	0.014	2.13356e-09
15	-1.4	0.015	0.015	1.33764e-08	0.015	2.16247e-09
16	-1.5	0.016	0.016	1.34305e-08	0.016	2.22037e-09
3e-09	3e-08	2000	4000	2000	1.5e-12	10
1	-0.003	0.001	0.00100002	1.91275e-08	0	0.00100002
2	-0.005	0.002	0.00200002	1.60267e-08	0.00100002	0.000999997
3	-0.01	0.003	0.00300001	1.3469e-08	0.00200002	0.000999997
4	-0.015	0.004	0.00400001	1.33144e-08	0.00400001	7.84723e-10
5	-0.02	0.005	0.00500001	1.32777e-08	0.00500001	1.19738e-09
6	-0.03	0.006	0.00600001	1.32457e-08	0.00600001	1.57146e-09
7	-0.05	0.007	0.00700001	1.32174e-08	0.00700001	1.85722e-09
8	-0.1	0.008	0.00800001	1.31706e-08	0.00800001	2.06885e-09
9	-0.2	0.009	0.00900001	1.31191e-08	0.00900001	2.16318e-09
10	-0.5	0.01	0.01	1.304e-08	0.01	2.19673e-09
11	-1	0.011	0.011	1.29761e-08	0.011	2.18875e-09
12	-1.1	0.012	0.012	1.29675e-08	0.012	2.19048e-09
13	-1.2	0.013	0.013	1.29598e-08	0.013	2.18847e-09
14	-1.3	0.014	0.014	1.29531e-08	0.014	2.18675e-09
15	-1.4	0.015	0.015	1.2947e-08	0.015	2.18511e-09
16	-1.5	0.016	0.016	1.29403e-08	0.016	2.18255e-09
3e-09	3e-08	2000	4000	2000	1.5e-12	10
1	-0.005	0.002	0.00200002	2.08946e-08	0	0.00200002
2	-0.01	0.003	0.00300002	1.58649e-08	0.00200002	0.000999995
3	-0.015	0.004	0.00400001	1.44141e-08	0.00300002	0.000999999
4	-0.02	0.005	0.00500001	1.37654e-08	0.00400001	0.000999999
5	-0.03	0.006	0.00600001	1.3229e-08	0.00500001	0.000999999
6	-0.05	0.007	0.00700001	1.29433e-08	0.00700001	7.67521e-11
7	-0.1	0.008	0.00800001	1.28959e-08	0.00800001	3.07714e-10
8	-0.2	0.009	0.00900001	1.28632e-08	0.00900001	4.20597e-10
9	-0.5	0.01	0.01	1.28057e-08	0.01	4.7403e-10
10	-1	0.011	0.011	1.27524e-08	0.011	4.75054e-10
11	-1.1	0.012	0.012	1.2748e-08	0.012	4.80811e-10
12	-1.2	0.013	0.013	1.27489e-08	0.013	4.87175e-10
13	-1.3	0.014	0.014	1.27591e-08	0.014	5.02286e-10
14	-1.4	0.015	0.015	1.2783e-08	0.015	5.30476e-10
15	-1.5	0.016	0.016	1.28242e-08	0.016	5.75616e-10
3e-09	3e-08	2000	4000	2000	1.5e-12	10
1	-0.005	0.002	0.00200002	2.41073e-08	0	0.00200002
2	-0.01	0.003	0.00300002	1.65938e-08	0.00200002	0.000999992
3	-0.015	0.004	0.00400001	1.4718e-08	0.00300002	0.000999998
4	-0.02	0.005	0.00500001	1.38081e-08	0.00400001	0.000999999
5	-0.03	0.006	0.00600001	1.30739e-08	0.00600001	7.42568e-11
6	-0.05	0.007	0.00700001	1.29898e-08	0.00700001	5.18774e-10
7	-0.1	0.008	0.00800001	1.29525e-08	0.00800001	8.41485e-10
8	-0.2	0.009	0.00900001	1.2917e-08	0.00900001	9.88551e-10
9	-0.5	0.01	0.01	1.28635e-08	0.01	1.06789e-09
10	-1	0.011	0.011	1.28167e-08	0.011	1.08423e-09
11	-1.1	0.012	0.012	1.28112e-08	0.012	1.0893e-09
12	-1.2	0.013	0.013	1.28078e-08	0.013	1.09214e-09
13	-1.3	0.014	0.014	1.28081e-08	0.014	1.09789e-09
14	-1.4	0.015	0.015	1.28152e-08	0.015	1.10992e-09
15	-1.5	0.016	0.016	1.28339e-08	0.016	1.13302e-09
3e-09	3e-08	2000	4000	2000	1.5e-12	10
1	-0.003	0.001	0.00100002	1.9749e-08	0	0.00100002
2	-0.005	0.002	0.00200002	1.62658e-08	0.00100002	0.000999997
3	-0.01	0.003	0.00300001	1.36289e-08	0.00200002	0.000999997
4	-0.015	0.004	0.00400001	1.32582e-08	0.00400001	5.23635e-10
5	-0.02	0.005	0.00500001	1.32229e-08	0.00500001	9.00234e-10
6	-0.03	0.006	0.00600001	1.31917e-08	0.00600001	1.23971e-09
7	-0.05	0.007	0.00700001	1.31609e-08	0.00700001	1.50231e-09
8	-0.1	0.008	0.00800001	1.31166e-08	0.00800001	1.69862e-09
9	-0.2	0.009	0.00900001	1.307e-08	0.00900001	1.7874e-09
10	-0.5	0.01	0.01	1.29914e-08	0.01	1.81461e-09
11	-1	0.011	0.011	1.29254e-08	0.011	1.79966e-09
12	-1.1	0.012	0.012	1.29188e-08	0.012	1.8032e-09
13	-1.2	0.013	0.013	1.29155e-08	0.013	1.80521e-09
14	-1.3	0.014	0.014	1.29167e-08	0.014	1.81124e-09
15	-1.4	0.015	0.015	1.29224e-08	0.015	1.82112e-09
16	-1.5	0.016	0.016	1.29287e-08	0.016	1.83122e-09
3e-09	3e-08	2000	4000	2000	1.5e-12	10
1	-0.005	0.002	0.00200002	2.07018e-08	0	0.00200002
2	-0.01	0.003	0.00300002	1.59273e-08	0.00200002	0.000999995
3	-0.015	0.004	0.00400001	1.44305e-08	0.00300002	0.000999998
4	-0.02	0.005	0.00500001	1.37116e-08	0.00400001	0.000999999
5	-0.03	0.006	0.00600001	1.34686e-08	0.00600001	3.49739e-10
6	-0.05	0.007	0.00700001	1.34242e-08	0.00700001	7.19293e-10
7	-0.1	0.008	0.00800001	1.33941e-08	0.00800001	9.97304e-10
8	-0.2	0.009	0.00900001	1.33593e-08	0.00900001	1.12271e-09
9	-0.5	0.01	0.01	1.32999e-08	0.01	1.18525e-09
10	-1	0.011	0.011	1.32465e-08	0.011	1.19107e-09
11	-1.1	0.012	0.012	1.32393e-08	0.012	1.1943e-09
12	-1.2	0.013	0.013	1.32335e-08	0.013	1.19432e-09
13	-1.3	0.014	0.014	1.32291e-08	0.014	1.19512e-09
14	-1.4	0.015	0.015	1.32259e-08	0.015	1.19664e-09
15	-1.5	0.016	0.016	1.32214e-08	0.016	1.19629e-09
3e-09	3e-08	2000	4000	2000	1.5e-12	10
1	-0.003	0.001	0.00100002	2.19047e-08	0	0.00100002
2	-0.005	0.002	0.00200002	1.82101e-08	0.00100002	0.000999996
3	-0.01	0.003	0.00300002	1.53203e-08	0.00200002	0.000999997
4	-0.015	0.004	0.00400001	1.45387e-08	0.00400001	2.29454e-10
5	-0.02	0.005	0.00500001	1.44891e-08	0.00500001	6.56722e-10
6	-0.03	0.006	0.00600001	1.44524e-08	0.00600001	1.04374e-09
7	-0.05	0.007	0.00700001	1.4414e-08	0.00700001	1.33679e-09
8	-0.1	0.008	0.00800001	1.43619e-08	0.00800001	1.56029e-09
9	-0.2	0.009	0.00900001	1.43056e-08	0.00900001	1.65874e-09
10	-0.5	0.01	0.01	1.42114e-08	0.01	1.68567e-09
11	-1	0.011	0.011	1.41337e-08	0.011	1.66829e-09
12	-1.1	0.012	0.012	1.41291e-08	0.012	1.67422e-09
13	-1.2	0.013	0.013	1.41316e-08	0.013	1.68272e-09
14	-1.3	0.014	0.014	1.41407e-08	0.014	1.69729e-09
15	-1.4	0.015	0.015	1.4152e-08	0.015	1.71338e-09
16	-1.5	0.016	0.016	1.41576e-08	0.016	1.72323e-09
3e-09	3e-08	2000	4000	2000	1.5e-12	10
1	-0.003	0.001	0.00100002	2.08817e-08	0	0.00100002
2	-0.005	0.002	0.00200002	1.74947e-08	0.00100002	0.000999997
3	-0.01	0.003	0.00300001	1.47999e-08	0.00200002	0.000999997
4	-0.015	0.004	0.00400001	1.43866e-08	0.00400001	4.95123e-10
5	-0.02	0.005	0.00500001	1.43516e-08	0.00500001	8.78196e-10
6	-0.03	0.006	0.00600001	1.43193e-08	0.00600001	1.22177e-09
7	-0.05	0.007	0.00700001	1.4282e-08	0.00700001	1.48931e-09
8	-0.1	0.008	0.00800001	1.42281e-08	0.00800001	1.69124e-09
9	-0.2	0.009	0.00900001	1.4171e-08	0.00900001	1.77887e-09
10	-0.5	0.01	0.01	1.40771e-08	0.01	1.79905e-09
11	-1	0.011	0.011	1.40093e-08	0.011	1.78854e-09
12	-1.1	0.012	0.012	1.40083e-08	0.012	1.79792e-09
13	-1.2	0.013	0.013	1.40173e-08	0.013	1.81266e-09
14	-1.3	0.014	0.014	1.40416e-08	0.014	1.84213e-09
15	-1.4	0.015	0.015	1.4088e-08	0.015	1.89309e-09
16	-1.5	0.016	0.016	1.41716e-08	0.016	1.98092e-09
3e-09	3e-08	2000	4000	2000	1.5e-12	10
1	-0.005	0.002	0.00200002	1.85664e-08	0	0.00200002
2	-0.01	0.003	0.00300001	1.4498e-08	0.00200002	0.000999996
3	-0.015	0.004	0.00400001	1.31997e-08	0.00300001	0.000999999
4	-0.02	0.005	0.00500001	1.30094e-08	0.00500001	4.19088e-10
5	-0.03	0.006	0.00600001	1.29587e-08	0.00600001	9.00509e-10
6	-0.05	0.007	0.00700001	1.29287e-08	0.00700001	1.24529e-09
7	-0.1	0.008	0.00800001	1.2906e-08	0.00800001	1.51203e-09
8	-0.2	0.009	0.00900001	1.2877e-08	0.00900001	1.63761e-09
9	-0.5	0.01	0.01	1.2821e-08	0.01	1.69741e-09
10	-1	0.011	0.011	1.27686e-08	0.011	1.70133e-09
11	-1.1	0.012	0.012	1.27615e-08	0.012	1.7045e-09
12	-1.2	0.013	0.013	1.27555e-08	0.013	1.70415e-09
13	-1.3	0.014	0.014	1.27508e-08	0.014	1.70445e-09
14	-1.4	0.015	0.015	1.2748e-08	0.015	1.70612e-09
15	-1.5	0.016	0.016	1.27474e-08	0.016	1.7095e-09
3e-09	3e-08	2000	4000	2000	1.5e-12	10
1	-0.005	0.002	0.00200003	2.58865e-08	0	0.00200003
2	-0.01	0.003	0.00300002	1.77355e-08	0.00200003	0.000999992
3	-0.015	0.004	0.00400002	1.58773e-08	0.00300002	0.000999998
4	-0.02	0.005	0.00500002	1.50408e-08	0.00400002	0.000999999
5	-0.03	0.006	0.00600001	1.4352e-08	0.00500002	0.000999999
6	-0.05	0.007	0.00700001	1.3907e-08	0.00600001	0.001
7	-0.1	0.008	0.00800001	1.37663e-08	0.00800001	1.51551e-10
8	-0.2	0.009	0.00900001	1.37185e-08	0.00900001	2.62922e-10
9	-0.5	0.01	0.01	1.3656e-08	0.01	3.18682e-10
10	-1	0.011	0.011	1.36019e-08	0.011	3.22672e-10
11	-1.1	0.012	0.012	1.35969e-08	0.012	3.27947e-10
12	-1.2	0.013	0.013	1.3597e-08	0.013	3.33798e-10
13	-1.3	0.014	0.014	1.36045e-08	0.014	3.46407e-10
14	-1.4	0.015	0.015	1.3621e-08	0.015	3.67484e-10
15	-1.5	0.016	0.016	1.36436e-08	0.016	3.94269e-10
3e-09	3e-08	2000	4000	2000	1.5e-12	10
1	-0.003	0.001	0.00100002	1.74983e-08	0.00100002	6.60493e-13
2	-0.005	0.002	0.00200001	1.48353e-08	0.00200001	6.56377e-13
3	-0.01	0.003	0.00300001	1.27404e-08	0.00300001	1.3894e-10
4	-0.015	0.004	0.00400001	1.26663e-08	0.00400001	8.51519e-10
5	-0.02	0.005	0.00500001	1.26363e-08	0.00500001	1.1848e-09
6	-0.03	0.006	0.00600001	1.26137e-08	0.00600001	1.49841e-09
7	-0.05	0.007	0.00700001	1.2592e-08	0.00700001	1.75254e-09
8	-0.1	0.008	0.00800001	1.25545e-08	0.00800001	1.94764e-09
9	-0.2	0.009	0.00900001	1.25092e-08	0.00900001	2.03449e-09
10	-0.5	0.01	0.01	1.24302e-08	0.01	2.05814e-09
11	-1	0.011	0.011	1.23654e-08	0.011	2.04481e-09
12	-1.1	0.012	0.012	1.23568e-08	0.012	2.04634e-09
13	-1.2	0.013	0.013	1.2349e-08	0.013	2.04386e-09
14	-1.3	0.014	0.014	1.23423e-08	0.014	2.04179e-09
15	-1.4	0.015	0.015	1.23365e-08	0.015	2.04009e-09
16	-1.5	0.016	0.016	1.23311e-08	0.016	2.03848e-09
3e-09	3e-08	2000	4000	2000	1.5e-12	10
1	-0.003	0.001	0.00100002	2.09545e-08	0	0.00100002
2	-0.005	0.002	0.00200002	1.74611e-08	0.00100002	0.000999996
3	-0.01	0.003	0.00300001	1.47493e-08	0.00300001	7.03547e-11
4	-0.015	0.004	0.00400001	1.46308e-08	0.00400001	9.84056e-10
5	-0.02	0.005	0.00500001	1.45835e-08	0.00500001	1.44031e-09
6	-0.03	0.006	0.00600001	1.45387e-08	0.00600001	1.85131e-09
7	-0.05	0.007	0.00700001	1.45038e-08	0.00700001	2.16217e-09
8	-0.1	0.008	0.00800001	1.44583e-08	0.00800001	2.39837e-09
9	-0.2	0.009	0.00900001	1.44096e-08	0.00900001	2.50755e-09
10	-0.5	0.01	0.01	1.43286e-08	0.01	2.54821e-09
11	-1	0.011	0.011	1.42596e-08	0.011	2.53934e-09
12	-1.1	0.012	0.012	1.42535e-08	0.012	2.54369e-09
13	-1.2	0.013	0.013	1.42519e-08	0.013	2.54816e-09
14	-1.3	0.014	0.014	1.4257e-08	0.014	2.55852e-09
15	-1.4	0.015	0.015	1.42691e-08	0.015	2.57541e-09
16	-1.5	0.016	0.016	1.42862e-08	0.016	2.59686e-09
3e-09	3e-08	2000	4000	2000	1.5e-12	10
1	-0.005	0.002	0.00200003	2.90514e-08	0	0.00200003
2	-0.01	0.003	0.00300002	1.86289e-08	0.00200003	0.00099999
3	-0.015	0.004	0.00400002	1.6546e-08	0.00300002	0.000999998
4	-0.02	0.005	0.00500002	1.55998e-08	0.00400002	0.000999999
5	-0.03	0.006	0.00600001	1.48105e-08	0.00500002	0.000999999
6	-0.05	0.007	0.00700001	1.43198e-08	0.00600001	0.001
7	-0.1	0.008	0.00800001	1.39806e-08	0.00700001	0.001
8	-0.2	0.009	0.00900001	1.38097e-08	0.00800001	0.001
9	-0.5	0.01	0.01	1.36824e-08	0.00900001	0.001
10	-1	0.011	0.011	1.36217e-08	0.01	0.001
11	-1.1	0.012	0.012	1.36113e-08	0.011	0.001
12	-1.2	0.013	0.013	1.36052e-08	0.012	0.001
13	-1.3	0.014	0.014	1.35999e-08	0.013	0.001
14	-1.4	0.015	0.015	1.35951e-08	0.014	0.001
15	-1.5	0.016	0.016	1.35909e-08	0.015	0.001
3e-09	3e-08	2000	4000	2000	1.5e-12	10
1	-0.003	0.001	0.00100002	1.92052e-08	0	0.00100002
2	-0.005	0.002	0.00200002	1.63256e-08	0.00100002	0.000999997
3	-0.01	0.003	0.00300001	1.41082e-08	0.00300001	1.77699e-10
4	-0.015	0.004	0.00400001	1.40256e-08	0.00400001	9.52364e-10
5	-0.02	0.005	0.00500001	1.39907e-08	0.00500001	1.31742e-09
6	-0.03	0.006	0.00600001	1.39584e-08	0.00600001	1.65379e-09
7	-0.05	0.007	0.00700001	1.39224e-08	0.00700001	1.91825e-09
8	-0.1	0.008	0.00800001	1.38726e-08	0.00800001	2.1226e-09
9	-0.2	0.009	0.00900001	1.38182e-08	0.00900001	2.21351e-09
10	-0.5	0.01	0.01	1.37244e-08	0.01	2.23164e-09
11	-1	0.011	0.011	1.36524e-08	0.011	2.21676e-09
12	-1.1	0.012	0.012	1.36529e-08	0.012	2.2276e-09
13	-1.2	0.013	0.013	1.36659e-08	0.013	2.24638e-09
14	-1.3	0.014	0.014	1.36971e-08	0.014	2.2827e-09
15	-1.4	0.015	0.015	1.37529e-08	0.015	2.34313e-09
16	-1.5	0.016	0.016	1.38537e-08	0.016	2.44793e-09
3e-09	3e-08	2000	4000	2000	1.5e-12	10
1	-0.005	0.002	0.00200002	1.94013e-08	0	0.00200002
2	-0.01	0.003	0.00300001	1.49584e-08	0.00200002	0.000999996
3	-0.015	0.004	0.00400001	1.35624e-08	0.00300001	0.000999999
4	-0.02	0.005	0.00500001	1.28962e-08	0.00400001	0.000999999
5	-0.03	0.006	0.00600001	1.2654e-08	0.00600001	3.20108e-10
6	-0.05	0.007	0.00700001	1.26141e-08	0.00700001	6.70784e-10
7	-0.1	0.008	0.00800001	1.25876e-08	0.00800001	9.34931e-10
8	-0.2	0.009	0.00900001	1.25571e-08	0.00900001	1.05746e-09
9	-0.5	0.01	0.01	1.25071e-08	0.01	1.12118e-09
10	-1	0.011	0.011	1.2462e-08	0.011	1.13105e-09
11	-1.1	0.012	0.012	1.24562e-08	0.012	1.13539e-09
12	-1.2	0.013	0.013	1.24517e-08	0.013	1.1364e-09
13	-1.3	0.014	0.014	1.24491e-08	0.014	1.13871e-09
14	-1.4	0.015	0.015	1.24499e-08	0.015	1.14381e-09
15	-1.5	0.016	0.016	1.24552e-08	0.016	1.15307e-09
3e-09	3e-08	2000	4000	2000	1.5e-12	10
1	-0.003	0.001	0.00100002	1.81083e-08	0	0.00100002
2	-0.005	0.002	0.00200002	1.53956e-08	0.00100002	0.000999997
3	-0.01	0.003	0.00300001	1.36411e-08	0.00300001	4.86063e-10
4	-0.015	0.004	0.00400001	1.35811e-08	0.00400001	1.20164e-09
5	-0.02	0.005	0.00500001	1.35537e-08	0.00500001	1.52748e-09
6	-0.03	0.006	0.00600001	1.35296e-08	0.00600001	1.83154e-09
7	-0.05	0.007	0.00700001	1.35007e-08	0.00700001	2.07571e-09
8	-0.1	0.008	0.00800001	1.34576e-08	0.00800001	2.26494e-09
9	-0.2	0.009	0.00900001	1.34087e-08	0.00900001	2.34895e-09
10	-0.5	0.01	0.01	1.33229e-08	0.01	2.36731e-09
11	-1	0.011	0.011	1.32568e-08	0.011	2.35356e-09
12	-1.1	0.012	0.012	1.32496e-08	0.012	2.35495e-09
13	-1.2	0.013	0.013	1.32451e-08	0.013	2.35583e-09
14	-1.3	0.014	0.014	1.32453e-08	0.014	2.36074e-09
15	-1.4	0.015	0.015	1.32529e-08	0.015	2.37257e-09
16	-1.5	0.016	0.016	1.32717e-08	0.016	2.3951e-09
3e-09	3e-08	2000	4000	2000	1.5e-12	10
1	-0.005	0.002	0.00200002	2.38242e-08	0	0.00200002
2	-0.01	0.003	0.00300002	1.74432e-08	0.00200002	0.000999994
3	-0.015	0.004	0.00400002	1.56406e-08	0.00300002	0.000999998
4	-0.02	0.005	0.00500001	1.47703e-08	0.00400002	0.000999999
5	-0.03	0.006	0.00600001	1.40041e-08	0.00500001	0.000999999
6	-0.05	0.007	0.00700001	1.36774e-08	0.00700001	1.654e-10
7	-0.1	0.008	0.00800001	1.36263e-08	0.00800001	4.65727e-10
8	-0.2	0.009	0.00900001	1.35913e-08	0.00900001	6.10639e-10
9	-0.5	0.01	0.01	1.35318e-08	0.01	6.83923e-10
10	-1	0.011	0.011	1.34724e-08	0.011	6.88458e-10
11	-1.1	0.012	0.012	1.3465e-08	0.012	6.91659e-10
12	-1.2	0.013	0.013	1.34607e-08	0.013	6.9365e-10
13	-1.3	0.014	0.014	1.34595e-08	0.014	6.98013e-10
14	-1.4	0.015	0.015	1.34569e-08	0.015	7.0045e-10
15	-1.5	0.016	0.016	1.34401e-08	0.016	6.88094e-10
3e-09	3e-08	2000	4000	2000	1.5e-12	10
1	-0.003	0.001	0.00100002	1.80405e-08	0	0.00100002
2	-0.005	0.002	0.00200002	1.51579e-08	0.00100002	0.000999997
3	-0.01	0.003	0.00300001	1.31372e-08	0.00300001	3.18165e-10
4	-0.015	0.004	0.00400001	1.3071e-08	0.00400001	1.07656e-09
5	-0.02	0.005	0.00500001	1.30362e-08	0.00500001	1.42314e-09
6	-0.03	0.006	0.00600001	1.30073e-08	0.00600001	1.74283e-09
7	-0.05	0.007	0.00700001	1.29869e-08	0.00700001	2.00257e-09
8	-0.1	0.008	0.00800001	1.29566e-08	0.00800001	2.20594e-09
9	-0.2	0.009	0.00900001	1.29199e-08	0.00900001	2.30151e-09
10	-0.5	0.01	0.01	1.28509e-08	0.01	2.33495e-09
11	-1	0.011	0.011	1.27939e-08	0.011	2.32903e-09
12	-1.1	0.012	0.012	1.27871e-08	0.012	2.33234e-09
13	-1.2	0.013	0.013	1.27821e-08	0.013	2.33251e-09
14	-1.3	0.014	0.014	1.27801e-08	0.014	2.33519e-09
15	-1.4	0.015	0.015	1.27844e-08	0.015	2.34353e-09
16	-1.5	0.016	0.016	1.28007e-08	0.016	2.36363e-09
3e-09	3e-08	2000	4000	2000	1.5e-12	10
1	-0.01	0.003	0.00300002	1.92562e-08	0	0.00300002
2	-0.015	0.004	0.00400002	1.6778e-08	0.00300002	0.000999998
3	-0.02	0.005	0.00500002	1.56684e-08	0.00400002	0.000999999
4	-0.03	0.006	0.00600001	1.47308e-08	0.00500002	0.000999999
5	-0.05	0.007	0.00700001	1.417e-08	0.00600001	0.000999999
6	-0.1	0.008	0.00800001	1.38075e-08	0.00700001	0.001
7	-0.2	0.009	0.00900001	1.36303e-08	0.00800001	0.001
8	-0.5	0.01	0.01	1.35005e-08	0.00900001	0.001
9	-1	0.011	0.011	1.34386e-08	0.01	0.001
10	-1.1	0.012	0.012	1.34281e-08	0.011	0.001
11	-1.2	0.013	0.013	1.3422e-08	0.012	0.001
12	-1.3	0.014	0.014	1.34166e-08	0.013	0.001
13	-1.4	0.015	0.015	1.34119e-08	0.014	0.001
14	-1.5	0.016	0.016	1.34077e-08	0.015	0.001
3e-09	3e-08	2000	4000	2000	1.5e-12	10
1	-0.005	0.002	0.00200002	2.02552e-08	0	0.00200002
2	-0.01	0.003	0.00300002	1.53571e-08	0.00200002	0.000999995
3	-0.015	0.004	0.00400001	1.38566e-08	0.00300002	0.000999998
4	-0.02	0.005	0.00500001	1.31292e-08	0.00400001	0.000999999
5	-0.03	0.006	0.00600001	1.25662e-08	0.00600001	7.10562e-11
6	-0.05	0.007	0.00700001	1.24951e-08	0.00700001	4.34528e-10
7	-0.1	0.008	0.00800001	1.2458e-08	0.00800001	7.1287e-10
8	-0.2	0.009	0.00900001	1.24224e-08	0.00900001	8.42379e-10
9	-0.5	0.01	0.01	1.23649e-08	0.01	9.07534e-10
10	-1	0.011	0.011	1.23105e-08	0.011	9.11969e-10
11	-1.1	0.012	0.012	1.2303e-08	0.012	9.14845e-10
12	-1.2	0.013	0.013	1.22968e-08	0.013	9.14504e-10
13	-1.3	0.014	0.014	1.22921e-08	0.014	9.14967e-10
14	-1.4	0.015	0.015	1.22897e-08	0.015	9.17233e-10
15	-1.5	0.016	0.016	1.22891e-08	0.016	9.20749e-10
3e-09	3e-08	2000	4000	2000	1.5e-12	10
1	-0.003	0.001	0.00100002	2.34722e-08	0	0.00100002
2	-0.005	0.002	0.00200002	1.91854e-08	0.00100002	0.000999996
3	-0.01	0.003	0.00300002	1.60433e-08	0.00200002	0.000999997
4	-0.015	0.004	0.00400002	1.52272e-08	0.00400002	2.26938e-10
5	-0.02	0.005	0.00500002	1.51798e-08	0.00500001	6.52954e-10
6	-0.03	0.006	0.00600002	1.51434e-08	0.00600001	1.02955e-09
7	-0.05	0.007	0.00700002	1.51017e-08	0.00700001	1.3107e-09
8	-0.1	0.008	0.00800002	1.50426e-08	0.00800001	1.51548e-09
9	-0.2	0.009	0.00900001	1.4981e-08	0.00900001	1.60206e-09
10	-0.5	0.01	0.01	1.48828e-08	0.01	1.6213e-09
11	-1	0.011	0.011	1.48059e-08	0.011	1.60328e-09
12	-1.1	0.012	0.012	1.48025e-08	0.012	1.61031e-09
13	-1.2	0.013	0.013	1.48076e-08	0.013	1.62137e-09
14	-1.3	0.014	0.014	1.48228e-08	0.014	1.64187e-09
15	-1.4	0.015	0.015	1.48469e-08	0.015	1.67065e-09
16	-1.5	0.016	0.016	1.48791e-08	0.016	1.70709e-09
3e-09	3e-08	2000	4000	2000	1.5e-12	10
1	-0.003	0.001	0.00100002	1.74845e-08	0	0.00100002
2	-0.005	0.002	0.00200002	1.513e-08	0.00100002	0.000999998
3	-0.01	0.003	0.00300001	1.37374e-08	0.00300001	6.28747e-10
4	-0.015	0.004	0.00400001	1.36765e-08	0.00400001	1.28126e-09
5	-0.02	0.005	0.00500001	1.36491e-08	0.00500001	1.58367e-09
6	-0.03	0.006	0.00600001	1.36248e-08	0.00600001	1.87282e-09
7	-0.05	0.007	0.00700001	1.36e-08	0.00700001	2.11437e-09
8	-0.1	0.008	0.00800001	1.35655e-08	0.00800001	2.309e-09
9	-0.2	0.009	0.00900001	1.35217e-08	0.00900001	2.39646e-09
10	-0.5	0.01	0.01	1.34378e-08	0.01	2.41508e-09
11	-1	0.011	0.011	1.33717e-08	0.011	2.40058e-09
12	-1.1	0.012	0.012	1.33694e-08	0.012	2.40846e-09
13	-1.2	0.013	0.013	1.33735e-08	0.013	2.41774e-09
14	-1.3	0.014	0.014	1.33824e-08	0.014	2.43136e-09
15	-1.4	0.015	0.015	1.33932e-08	0.015	2.44627e-09
16	-1.5	0.016	0.016	1.33978e-08	0.016	2.45462e-09
3e-09	3e-08	2000	4000	2000	1.5e-12	10
1	-0.005	0.002	0.00200002	2.20919e-08	0	0.00200002
2	-0.01	0.003	0.00300002	1.68182e-08	0.00200002	0.000999995
3	-0.015	0.004	0.00400002	1.52477e-08	0.00300002	0.000999998
4	-0.02	0.005	0.00500001	1.45251e-08	0.00400002	0.000999999
5	-0.03	0.006	0.00600001	1.39292e-08	0.00600001	3.65067e-12
6	-0.05	0.007	0.00700001	1.37977e-08	0.00700001	2.79415e-10
7	-0.1	0.008	0.00800001	1.37506e-08	0.00800001	5.40954e-10
8	-0.2	0.009	0.00900001	1.37047e-08	0.00900001	6.57836e-10
9	-0.5	0.01	0.01	1.36326e-08	0.01	7.10064e-10
10	-1	0.011	0.011	1.35729e-08	0.011	7.1119e-10
11	-1.1	0.012	0.012	1.35688e-08	0.012	7.17571e-10
12	-1.2	0.013	0.013	1.35708e-08	0.013	7.25578e-10
13	-1.3	0.014	0.014	1.35829e-08	0.014	7.43045e-10
14	-1.4	0.015	0.015	1.36093e-08	0.015	7.74335e-10
15	-1.5	0.016	0.016	1.36554e-08	0.016	8.24688e-10
3e-09	3e-08	2000	4000	2000	1.5e-12	10
1	-0.005	0.002	0.00200002	1.95681e-08	0	0.00200002
2	-0.01	0.003	0.00300002	1.53228e-08	0.00200002	0.000999996
3	-0.015	0.004	0.00400001	1.39775e-08	0.00300002	0.000999999
4	-0.02	0.005	0.00500001	1.33499e-08	0.00400001	0.000999999
5	-0.03	0.006	0.00600001	1.29002e-08	0.00600001	7.18113e-11
6	-0.05	0.007	0.00700001	1.28446e-08	0.00700001	3.9228e-10
7	-0.1	0.008	0.00800001	1.28083e-08	0.00800001	6.43784e-10
8	-0.2	0.009	0.00900001	1.27708e-08	0.00900001	7.59111e-10
9	-0.5	0.01	0.01	1.27075e-08	0.01	8.11662e-10
10	-1	0.011	0.011	1.26488e-08	0.011	8.09639e-10
11	-1.1	0.012	0.012	1.26427e-08	0.012	8.13743e-10
12	-1.2	0.013	0.013	1.26404e-08	0.013	8.17143e-10
13	-1.3	0.014	0.014	1.26442e-08	0.014	8.25944e-10
14	-1.4	0.015	0.015	1.26544e-08	0.015	8.40624e-10
15	-1.5	0.016	0.016	1.26674e-08	0.016	8.57635e-10
3e-09	3e-08	2000	4000	2000	1.5e-12	10
1	-0.003	0.001	0.00100002	1.95768e-08	0	0.00100002
2	-0.005	0.002	0.00200002	1.66507e-08	0.00100002	0.000999997
3	-0.01	0.003	0.00300002	1.52123e-08	0.00300001	1.00049e-09
4	-0.015	0.004	0.00400002	1.51439e-08	0.00400001	1.8066e-09
5	-0.02	0.005	0.00500002	1.51122e-08	0.00500001	2.18196e-09
6	-0.03	0.006	0.00600002	1.50827e-08	0.00600001	2.52688e-09
7	-0.05	0.007	0.00700002	1.50464e-08	0.00700001	2.79685e-09
8	-0.1	0.008	0.00800001	1.49908e-08	0.00800001	3.00082e-09
9	-0.2	0.009	0.00900001	1.4927e-08	0.00900001	3.08637e-09
10	-0.5	0.01	0.01	1.48225e-08	0.01	3.09995e-09
11	-1	0.011	0.011	1.47456e-08	0.011	3.08222e-09
12	-1.1	0.012	0.012	1.47363e-08	0.012	3.0834e-09
13	-1.2	0.013	0.013	1.47288e-08	0.013	3.08186e-09
14	-1.3	0.014	0.014	1.47236e-08	0.014	3.08192e-09
15	-1.4	0.015	0.015	1.47217e-08	0.015	3.08474e-09
16	-1.5	0.016	0.016	1.47247e-08	0.016	3.09197e-09
3e-09	3e-08	2000	4000	2000	1.5e-12	10
1	-0.005	0.002	0.00200002	2.04086e-08	0	0.00200002
2	-0.01	0.003	0.00300002	1.52907e-08	0.00200002	0.000999995
3	-0.015	0.004	0.00400001	1.37512e-08	0.00300002	0.000999998
4	-0.02	0.005	0.00500001	1.30103e-08	0.00400001	0.000999999
5	-0.03	0.006	0.00600001	1.25612e-08	0.00600001	1.94976e-10
6	-0.05	0.007	0.00700001	1.25126e-08	0.00700001	5.774e-10
7	-0.1	0.008	0.00800001	1.24851e-08	0.00800001	8.58265e-10
8	-0.2	0.009	0.00900001	1.24567e-08	0.00900001	9.8789e-10
9	-0.5	0.01	0.01	1.2411e-08	0.01	1.05792e-09
10	-1	0.011	0.011	1.23686e-08	0.011	1.06971e-09
11	-1.1	0.012	0.012	1.23632e-08	0.012	1.0745e-09
12	-1.2	0.013	0.013	1.23593e-08	0.013	1.07619e-09
13	-1.3	0.014	0.014	1.23578e-08	0.014	1.07958e-09
14	-1.4	0.015	0.015	1.23593e-08	0.015	1.08543e-09
15	-1.5	0.016	0.016	1.2362e-08	0.016	1.09213e-09
3e-09	3e-08	2000	4000	2000	1.5e-12	10
1	-0.003	0.001	0.00100002	2.34174e-08	0	0.00100002
2	-0.005	0.002	0.00200002	1.86119e-08	0.00100002	0.000999995
3	-0.01	0.003	0.00300002	1.53318e-08	0.00200002	0.000999997
4	-0.015	0.004	0.00400001	1.42173e-08	0.00300002	0.000999999
5	-0.02	0.005	0.00500001	1.37254e-08	0.00500001	1.34505e-11
6	-0.03	0.006	0.00600001	1.36249e-08	0.00600001	3.58138e-10
7	-0.05	0.007	0.00700001	1.35882e-08	0.00700001	6.60643e-10
8	-0.1	0.008	0.00800001	1.35439e-08	0.00800001	8.89973e-10
9	-0.2	0.009	0.00900001	1.3496e-08	0.00900001	9.9304e-10
10	-0.5	0.01	0.01	1.3413e-08	0.01	1.0278e-09
11	-1	0.011	0.011	1.33504e-08	0.011	1.02373e-09
12	-1.1	0.012	0.012	1.33575e-08	0.012	1.04123e-09
13	-1.2	0.013	0.013	1.33846e-08	0.013	1.07415e-09
14	-1.3	0.014	0.014	1.34445e-08	0.014	1.1392e-09
15	-1.4	0.015	0.015	1.35598e-08	0.015	1.25926e-09
16	-1.5	0.016	0.016	1.38125e-08	0.016	1.51616e-09
3e-09	3e-08	2000	4000	2000	1.5e-12	10
1	-0.003	0.001	0.00100002	2.0471e-08	0	0.00100002
2	-0.005	0.002	0.00200002	1.69735e-08	0.00100002	0.000999997
3	-0.01	0.003	0.00300001	1.42351e-08	0.00200002	0.000999997
4	-0.015	0.004	0.00400001	1.33033e-08	0.00400001	1.39453e-11
5	-0.02	0.005	0.00500001	1.32182e-08	0.00500001	3.59114e-10
6	-0.03	0.006	0.00600001	1.31835e-08	0.00600001	7.08805e-10
7	-0.05	0.007	0.00700001	1.31562e-08	0.00700001	9.83971e-10
8	-0.1	0.008	0.00800001	1.31197e-08	0.00800001	1.19558e-09
9	-0.2	0.009	0.00900001	1.30787e-08	0.00900001	1.29268e-09
10	-0.5	0.01	0.01	1.30048e-08	0.01	1.32603e-09
11	-1	0.011	0.011	1.2946e-08	0.011	1.32059e-09
12	-1.1	0.012	0.012	1.29452e-08	0.012	1.32825e-09
13	-1.2	0.013	0.013	1.29533e-08	0.013	1.34166e-09
14	-1.3	0.014	0.014	1.2973e-08	0.014	1.36621e-09
15	-1.4	0.015	0.015	1.3006e-08	0.015	1.40349e-09
16	-1.5	0.016	0.016	1.30566e-08	0.016	1.45796e-09
3e-09	3e-08	2000	4000	2000	1.5e-12	10
1	-0.005	0.002	0.00200002	1.96041e-08	0	0.00200002
2	-0.01	0.003	0.00300002	1.55079e-08	0.00200002	0.000999996
3	-0.015	0.004	0.00400001	1.41743e-08	0.00300002	0.000999999
4	-0.02	0.005	0.00500001	1.3822e-08	0.00500001	2.76e-10
5	-0.03	0.006	0.00600001	1.37671e-08	0.00600001	7.67587e-10
6	-0.05	0.007	0.00700001	1.37302e-08	0.00700001	1.11437e-09
7	-0.1	0.008	0.00800001	1.36822e-08	0.00800001	1.36124e-09
8	-0.2	0.009	0.00900001	1.36304e-08	0.00900001	1.46857e-09
9	-0.5	0.01	0.01	1.35538e-08	0.01	1.51365e-09
10	-1	0.011	0.011	1.34906e-08	0.011	1.50986e-09
11	-1.1	0.012	0.012	1.34844e-08	0.012	1.51415e-09
12	-1.2	0.013	0.013	1.34824e-08	0.013	1.51805e-09
13	-1.3	0.014	0.014	1.34877e-08	0.014	1.52862e-09
14	-1.4	0.015	0.015	1.35051e-08	0.015	1.55074e-09
15	-1.5	0.016	0.016	1.35393e-08	0.016	1.58915e-09
3e-09	3e-08	2000	4000	2000	1.5e-12	10
1	-0.005	0.002	0.00200002	2.21411e-08	0	0.00200002
2	-0.01	0.003	0.00300002	1.70592e-08	0.00200002	0.000999995
3	-0.015	0.004	0.00400002	1.54555e-08	0.00300002	0.000999998
4	-0.02	0.005	0.00500001	1.46718e-08	0.00400002	0.000999999
5	-0.03	0.006	0.00600001	1.42922e-08	0.00600001	2.78857e-10
6	-0.05	0.007	0.00700001	1.42406e-08	0.00700001	6.8296e-10
7	-0.1	0.008	0.00800001	1.41974e-08	0.00800001	9.80369e-10
8	-0.2	0.009	0.00900001	1.41508e-08	0.00900001	1.11316e-09
9	-0.5	0.01	0.01	1.40759e-08	0.01	1.17269e-09
10	-1	0.011	0.011	1.40094e-08	0.011	1.17144e-09
11	-1.1	0.012	0.012	1.4003e-08	0.012	1.17601e-09
12	-1.2	0.013	0.013	1.40012e-08	0.013	1.18045e-09
13	-1.3	0.014	0.014	1.40054e-08	0.014	1.19033e-09
14	-1.4	0.015	0.015	1.40144e-08	0.015	1.2045e-09
15	-1.5	0.016	0.016	1.40235e-08	0.016	1.2182e-09
3e-09	3e-08	2000	4000	2000	1.5e-12	10
1	-0.003	0.001	0.00100002	1.78372e-08	0	0.00100002
2	-0.005	0.002	0.00200002	1.52593e-08	0.00100002	0.000999997
3	-0.01	0.003	0.00300001	1.40617e-08	0.00300001	9.68429e-10
4	-0.015	0.004	0.00400001	1.40123e-08	0.00400001	1.67511e-09
5	-0.02	0.005	0.00500001	1.39916e-08	0.00500001	1.99889e-09
6	-0.03	0.006	0.00600001	1.39709e-08	0.00600001	2.30139e-09
7	-0.05	0.007	0.00700001	1.39405e-08	0.00700001	2.53898e-09
8	-0.1	0.008	0.00800001	1.38894e-08	0.00800001	2.71422e-09
9	-0.2	0.009	0.00900001	1.38258e-08	0.00900001	2.78337e-09
10	-0.5	0.01	0.01	1.37261e-08	0.01	2.78859e-09
11	-1	0.011	0.011	1.365e-08	0.011	2.76551e-09
12	-1.1	0.012	0.012	1.36395e-08	0.012	2.76515e-09
13	-1.2	0.013	0.013	1.36297e-08	0.013	2.76078e-09
14	-1.3	0.014	0.014	1.36205e-08	0.014	2.75638e-09
15	-1.4	0.015	0.015	1.36121e-08	0.015	2.75226e-09
16	-1.5	0.016	0.016	1.36062e-08	0.016	2.75025e-09
3e-09	3e-08	2000	4000	2000	1.5e-12	10
1	-0.005	0.002	0.00200002	2.40169e-08	0	0.00200002
2	-0.01	0.003	0.00300002	1.6864e-08	0.00200002	0.000999993
3	-0.015	0.004	0.00400002	1.50869e-08	0.00300002	0.000999998
4	-0.02	0.005	0.00500001	1.42599e-08	0.00400002	0.000999999
5	-0.03	0.006	0.00600001	1.35531e-08	0.00500001	0.000999999
6	-0.05	0.007	0.00700001	1.31616e-08	0.00700001	5.12382e-11
7	-0.1	0.008	0.00800001	1.31033e-08	0.00800001	3.10445e-10
8	-0.2	0.009	0.00900001	1.30693e-08	0.00900001	4.37545e-10
9	-0.5	0.01	0.01	1.30192e-08	0.01	5.06001e-10
10	-1	0.011	0.011	1.2971e-08	0.011	5.14658e-10
11	-1.1	0.012	0.012	1.29643e-08	0.012	5.18217e-10
12	-1.2	0.013	0.013	1.29595e-08	0.013	5.19059e-10
13	-1.3	0.014	0.014	1.29563e-08	0.014	5.20885e-10
14	-1.4	0.015	0.015	1.29518e-08	0.015	5.20863e-10
15	-1.5	0.016	0.016	1.29335e-08	0.016	5.06601e-10
3e-09	3e-08	2000	4000	2000	1.5e-12	10
1	-0.003	0.001	0.00100002	2.4903e-08	0	0.00100002
2	-0.005	0.002	0.00200002	1.92278e-08	0.00100002	0.000999994
3	-0.01	0.003	0.00300002	1.55746e-08	0.00200002	0.000999996
4	-0.015	0.004	0.00400001	1.43195e-08	0.00300002	0.000999999
5	-0.02	0.005	0.00500001	1.40254e-08	0.00500001	2.79615e-10
6	-0.03	0.006	0.00600001	1.39755e-08	0.00600001	7.32294e-10
7	-0.05	0.007	0.00700001	1.39424e-08	0.00700001	1.06607e-09
8	-0.1	0.008	0.00800001	1.38965e-08	0.00800001	1.31359e-09
9	-0.2	0.009	0.00900001	1.38453e-08	0.00900001	1.42295e-09
10	-0.5	0.01	0.01	1.37624e-08	0.01	1.464e-09
11	-1	0.011	0.011	1.36946e-08	0.011	1.45726e-09
12	-1.1	0.012	0.012	1.36872e-08	0.012	1.46039e-09
13	-1.2	0.013	0.013	1.36825e-08	0.013	1.46176e-09
14	-1.3	0.014	0.014	1.36814e-08	0.014	1.4642e-09
15	-1.4	0.015	0.015	1.36839e-08	0.015	1.47156e-09
16	-1.5	0.016	0.016	1.36883e-08	0.016	1.48024e-09
3e-09	3e-08	2000	4000	2000	1.5e-12	10
1	-0.003	0.001	0.00100003	2.75119e-08	0	0.00100003
2	-0.005	0.002	0.00200002	1.81816e-08	0.00100003	0.000999991
3	-0.01	0.003	0.00300001	1.43513e-08	0.00200002	0.000999996
4	-0.015	0.004	0.00400001	1.31075e-08	0.00300001	0.000999999
5	-0.02	0.005	0.00500001	1.25224e-08	0.00400001	0.000999999
6	-0.03	0.006	0.00600001	1.23899e-08	0.00600001	3.69548e-10
7	-0.05	0.007	0.00700001	1.23575e-08	0.00700001	6.95301e-10
8	-0.1	0.008	0.00800001	1.23223e-08	0.00800001	9.32802e-10
9	-0.2	0.009	0.00900001	1.22843e-08	0.00900001	1.04149e-09
10	-0.5	0.01	0.01	1.22275e-08	0.01	1.09569e-09
11	-1	0.011	0.011	1.21774e-08	0.011	1.09953e-09
12	-1.1	0.012	0.012	1.21716e-08	0.012	1.10395e-09
13	-1.2	0.013	0.013	1.21681e-08	0.013	1.10584e-09
14	-1.3	0.014	0.014	1.21681e-08	0.014	1.10931e-09
15	-1.4	0.015	0.015	1.21748e-08	0.015	1.12034e-09
16	-1.5	0.016	0.016	1.21927e-08	0.016	1.14207e-09
3e-09	3e-08	2000	4000	2000	1.5e-12	10
1	-0.003	0.001	0.00100002	2.06518e-08	0	0.00100002
2	-0.005	0.002	0.00200002	1.71762e-08	0.00100002	0.000999997
3	-0.01	0.003	0.00300001	1.4434e-08	0.00200002	0.000999997
4	-0.015	0.004	0.00400001	1.40233e-08	0.00400001	5.37438e-10
5	-0.02	0.005	0.00500001	1.39835e-08	0.00500001	9.42107e-10
6	-0.03	0.006	0.00600001	1.39512e-08	0.00600001	1.30763e-09
7	-0.05	0.007	0.00700001	1.39241e-08	0.00700001	1.59601e-09
8	-0.1	0.008	0.00800001	1.38837e-08	0.00800001	1.81848e-09
9	-0.2	0.009	0.00900001	1.38358e-08	0.00900001	1.9177e-09
10	-0.5	0.01	0.01	1.37522e-08	0.01	1.94835e-09
11	-1	0.011	0.011	1.36855e-08	0.011	1.93655e-09
12	-1.1	0.012	0.012	1.36795e-08	0.012	1.94094e-09
13	-1.2	0.013	0.013	1.36775e-08	0.013	1.94464e-09
14	-1.3	0.014	0.014	1.36797e-08	0.014	1.95193e-09
15	-1.4	0.015	0.015	1.36841e-08	0.015	1.96091e-09
16	-1.5	0.016	0.016	1.36837e-08	0.016	1.96465e-09
3e-09	3e-08	2000	4000	2000	1.5e-12	10
1	-0.003	0.001	0.00100002	1.93676e-08	0	0.00100002
2	-0.005	0.002	0.00200002	1.58537e-08	0.00100002	0.000999996
3	-0.01	0.003	0.00300001	1.31724e-08	0.00200002	0.000999997
4	-0.015	0.004	0.00400001	1.28924e-08	0.00400001	6.41675e-10
5	-0.02	0.005	0.00500001	1.28558e-08	0.00500001	1.03665e-09
6	-0.03	0.006	0.00600001	1.28248e-08	0.00600001	1.39152e-09
7	-0.05	0.007	0.00700001	1.28024e-08	0.00700001	1.66913e-09
8	-0.1	0.008	0.00800001	1.27666e-08	0.00800001	1.87723e-09
9	-0.2	0.009	0.00900001	1.27243e-08	0.00900001	1.9722e-09
10	-0.5	0.01	0.01	1.26545e-08	0.01	2.00866e-09
11	-1	0.011	0.011	1.25979e-08	0.011	2.00493e-09
12	-1.1	0.012	0.012	1.2591e-08	0.012	2.00822e-09
13	-1.2	0.013	0.013	1.25857e-08	0.013	2.00828e-09
14	-1.3	0.014	0.014	1.25827e-08	0.014	2.01004e-09
15	-1.4	0.015	0.015	1.25841e-08	0.015	2.0157e-09
16	-1.5	0.016	0.016	1.25935e-08	0.016	2.02898e-09
3e-09	3e-08	2000	4000	2000	1.5e-12	10
1	-0.003	0.001	0.00100002	1.95234e-08	0	0.00100002
2	-0.005	0.002	0.00200002	1.66828e-08	0.00100002	0.000999997
3	-0.01	0.003	0.00300001	1.49588e-08	0.00300001	6.82685e-10
4	-0.015	0.004	0.00400001	1.48935e-08	0.00400001	1.49136e-09
5	-0.02	0.005	0.00500001	1.48635e-08	0.00500001	1.86764e-09
6	-0.03	0.006	0.00600001	1.48373e-08	0.00600001	2.21259e-09
7	-0.05	0.007	0.00700001	1.48067e-08	0.00700001	2.48274e-09
8	-0.1	0.008	0.00800001	1.47583e-08	0.00800001	2.68739e-09
9	-0.2	0.009	0.00900001	1.47041e-08	0.00900001	2.77718e-09
10	-0.5	0.01	0.01	1.46148e-08	0.01	2.80039e-09
11	-1	0.011	0.011	1.45483e-08	0.011	2.79034e-09
12	-1.1	0.012	0.012	1.45426e-08	0.012	2.79491e-09
13	-1.2	0.013	0.013	1.45413e-08	0.013	2.7994e-09
14	-1.3	0.014	0.014	1.45467e-08	0.014	2.80985e-09
15	-1.4	0.015	0.015	1.45607e-08	0.015	2.82835e-09
16	-1.5	0.016	0.016	1.45837e-08	0.016	2.8554e-09
3e-09	3e-08	2000	4000	2000	1.5e-12	10
1	-0.003	0.001	0.00100002	2.32187e-08	0	0.00100002
2	-0.005	0.002	0.00200002	1.84897e-08	0.00100002	0.000999995
3	-0.01	0.003	0.00300002	1.52517e-08	0.00200002	0.000999997
4	-0.015	0.004	0.00400001	1.47721e-08	0.00400001	6.17231e-10
5	-0.02	0.005	0.00500001	1.47229e-08	0.00500001	1.07664e-09
6	-0.03	0.006	0.00600001	1.46772e-08	0.00600001	1.47642e-09
7	-0.05	0.007	0.00700001	1.46419e-08	0.00700001	1.78458e-09
8	-0.1	0.008	0.00800001	1.45919e-08	0.00800001	2.01571e-09
9	-0.2	0.009	0.00900001	1.45346e-08	0.00900001	2.11485e-09
10	-0.5	0.01	0.01	1.44393e-08	0.01	2.14186e-09
11	-1	0.011	0.011	1.43651e-08	0.011	2.1288e-09
12	-1.1	0.012	0.012	1.43568e-08	0.012	2.13108e-09
13	-1.2	0.013	0.013	1.43512e-08	0.013	2.13153e-09
14	-1.3	0.014	0.014	1.43493e-08	0.014	2.13507e-09
15	-1.4	0.015	0.015	1.43527e-08	0.015	2.14332e-09
16	-1.5	0.016	0.016	1.43622e-08	0.016	2.15721e-09
3e-09	3e-08	2000	4000	2000	1.5e-12	10
1	-0.005	0.002	0.00200003	2.8578e-08	0	0.00200003
2	-0.01	0.003	0.00300002	1.8244e-08	0.00200003	0.00099999
3	-0.015	0.004	0.00400002	1.62653e-08	0.00300002	0.000999998
4	-0.02	0.005	0.00500002	1.53986e-08	0.00400002	0.000999999
5	-0.03	0.006	0.00600001	1.47059e-08	0.00500002	0.000999999
6	-0.05	0.007	0.00700001	1.42693e-08	0.00600001	0.001
7	-0.1	0.008	0.00800001	1.39551e-08	0.00700001	0.001
8	-0.2	0.009	0.00900001	1.37942e-08	0.00800001	0.001
9	-0.5	0.01	0.01	1.36728e-08	0.00900001	0.001
10	-1	0.011	0.011	1.36146e-08	0.01	0.001
11	-1.1	0.012	0.012	1.36042e-08	0.011	0.001
12	-1.2	0.013	0.013	1.35982e-08	0.012	0.001
13	-1.3	0.014	0.014	1.35927e-08	0.013	0.001
14	-1.4	0.015	0.015	1.35875e-08	0.014	0.001
15	-1.5	0.016	0.016	1.35824e-08	0.015	0.001
3e-09	3e-08	2000	4000	2000	1.5e-12	10
1	-0.003	0.001	0.00100002	2.05657e-08	0	0.00100002
2	-0.005	0.002	0.00200002	1.67724e-08	0.00100002	0.000999996
3	-0.01	0.003	0.00300001	1.3855e-08	0.00200002	0.000999997
4	-0.015	0.004	0.00400001	1.28951e-08	0.00400001	9.87607e-11
5	-0.02	0.005	0.00500001	1.28315e-08	0.00500001	5.5881e-10
6	-0.03	0.006	0.00600001	1.27862e-08	0.00600001	9.87703e-10
7	-0.05	0.007	0.00700001	1.27567e-08	0.00700001	1.30963e-09
8	-0.1	0.008	0.00800001	1.27197e-08	0.00800001	1.55249e-09
9	-0.2	0.009	0.00900001	1.26779e-08	0.00900001	1.66549e-09
10	-0.5	0.01	0.01	1.26087e-08	0.01	1.71366e-09
11	-1	0.011	0.011	1.25487e-08	0.011	1.71085e-09
12	-1.1	0.012	0.012	1.25424e-08	0.012	1.71485e-09
13	-1.2	0.013	0.013	1.25391e-08	0.013	1.71727e-09
14	-1.3	0.014	0.014	1.25397e-08	0.014	1.72294e-09
15	-1.4	0.015	0.015	1.25433e-08	0.015	1.73111e-09
16	-1.5	0.016	0.016	1.25461e-08	0.016	1.73798e-09
3e-09	3e-08	2000	4000	2000	1.5e-12	10
1	-0.003	0.001	0.00100002	1.62691e-08	0	0.00100002
2	-0.005	0.002	0.00200001	1.4579e-08	0.00200001	3.27218e-10
3	-0.01	0.003	0.00300001	1.4442e-08	0.00300001	2.02436e-09
4	-0.015	0.004	0.00400001	1.4393e-08	0.00400001	2.64348e-09
5	-0.02	0.005	0.00500001	1.43721e-08	0.00500001	2.94016e-09
6	-0.03	0.006	0.00600001	1.43478e-08	0.00600001	3.2256e-09
7	-0.05	0.007	0.00700001	1.4313e-08	0.00700001	3.45863e-09
8	-0.1	0.008	0.00800001	1.42547e-08	0.00800001	3.63765e-09
9	-0.2	0.009	0.00900001	1.41797e-08	0.00900001	3.70533e-09
10	-0.5	0.01	0.01	1.40659e-08	0.01	3.7049e-09
11	-1	0.011	0.011	1.39849e-08	0.011	3.68083e-09
12	-1.1	0.012	0.012	1.39746e-08	0.012	3.68095e-09
13	-1.2	0.013	0.013	1.39662e-08	0.013	3.67831e-09
14	-1.3	0.014	0.014	1.39606e-08	0.014	3.67782e-09
15	-1.4	0.015	0.015	1.39605e-08	0.015	3.68231e-09
16	-1.5	0.016	0.016	1.39718e-08	0.016	3.69778e-09
3e-09	3e-08	2000	4000	2000	1.5e-12	10
1	-0.003	0.001	0.00100002	2.10417e-08	0.00100002	2.86804e-12
2	-0.005	0.002	0.00200002	1.7136e-08	0.00200002	2.8692e-12
3	-0.01	0.003	0.00300001	1.42775e-08	0.00300001	2.86943e-12
4	-0.015	0.004	0.00400001	1.33475e-08	0.00400001	3.82932e-12
5	-0.02	0.005	0.00500001	1.3097e-08	0.00500001	1.57142e-10
6	-0.03	0.006	0.00600001	1.30585e-08	0.00600001	4.77814e-10
7	-0.05	0.007	0.00700001	1.30346e-08	0.00700001	7.4357e-10
8	-0.1	0.008	0.00800001	1.30012e-08	0.00800001	9.47491e-10
9	-0.2	0.009	0.00900001	1.29615e-08	0.00900001	1.03826e-09
10	-0.5	0.01	0.01	1.28897e-08	0.01	1.0681e-09
11	-1	0.011	0.011	1.28326e-08	0.011	1.06183e-09
12	-1.1	0.012	0.012	1.28283e-08	0.012	1.06763e-09
13	-1.2	0.013	0.013	1.28285e-08	0.013	1.07302e-09
14	-1.3	0.014	0.014	1.28347e-08	0.014	1.08379e-09
15	-1.4	0.015	0.015	1.28463e-08	0.015	1.09957e-09
16	-1.5	0.016	0.016	1.28574e-08	0.016	1.11433e-09
3e-09	3e-08	2000	4000	2000	1.5e-12	10
1	-0.005	0.002	0.00200002	2.08012e-08	0	0.00200002
2	-0.01	0.003	0.00300002	1.58195e-08	0.00200002	0.000999995
3	-0.015	0.004	0.00400001	1.43345e-08	0.00300002	0.000999999
4	-0.02	0.005	0.00500001	1.36397e-08	0.00400001	0.000999999
5	-0.03	0.006	0.00600001	1.31504e-08	0.00600001	9.06965e-11
6	-0.05	0.007	0.00700001	1.30945e-08	0.00700001	4.35246e-10
7	-0.1	0.008	0.00800001	1.30566e-08	0.00800001	6.93418e-10
8	-0.2	0.009	0.00900001	1.30179e-08	0.00900001	8.10829e-10
9	-0.5	0.01	0.01	1.29579e-08	0.01	8.69127e-10
10	-1	0.011	0.011	1.29021e-08	0.011	8.69442e-10
11	-1.1	0.012	0.012	1.28957e-08	0.012	8.73411e-10
12	-1.2	0.013	0.013	1.28926e-08	0.013	8.76022e-10
13	-1.3	0.014	0.014	1.28952e-08	0.014	8.83768e-10
14	-1.4	0.015	0.015	1.29082e-08	0.015	9.01332e-10
15	-1.5	0.016	0.016	1.29361e-08	0.016	9.33274e-10
3e-09	3e-08	2000	4000	2000	1.5e-12	10
1	-0.003	0.001	0.00100002	2.01187e-08	0	0.00100002
2	-0.005	0.002	0.00200002	1.67132e-08	0.00100002	0.000999997
3	-0.01	0.003	0.00300001	1.41399e-08	0.00300001	9.11334e-11
4	-0.015	0.004	0.00400001	1.40497e-08	0.00400001	9.23362e-10
5	-0.02	0.005	0.00500001	1.40176e-08	0.00500001	1.30933e-09
6	-0.03	0.006	0.00600001	1.39922e-08	0.00600001	1.66143e-09
7	-0.05	0.007	0.00700001	1.39655e-08	0.00700001	1.93961e-09
8	-0.1	0.008	0.00800001	1.3919e-08	0.00800001	2.14823e-09
9	-0.2	0.009	0.00900001	1.38633e-08	0.00900001	2.2355e-09
10	-0.5	0.01	0.01	1.37722e-08	0.01	2.25371e-09
11	-1	0.011	0.011	1.37002e-08	0.011	2.23735e-09
12	-1.1	0.012	0.012	1.36903e-08	0.012	2.23779e-09
13	-1.2	0.013	0.013	1.36813e-08	0.013	2.23443e-09
14	-1.3	0.014	0.014	1.36729e-08	0.014	2.23098e-09
15	-1.4	0.015	0.015	1.36658e-08	0.015	2.22831e-09
16	-1.5	0.016	0.016	1.36669e-08	0.016	2.23347e-09
3e-09	3e-08	2000	4000	2000	1.5e-12	10
1	-0.005	0.002	0.00200002	2.16808e-08	0	0.00200002
2	-0.01	0.003	0.00300002	1.70408e-08	0.00200002	0.000999995
3	-0.015	0.004	0.00400002	1.5549e-08	0.00300002	0.000999999
4	-0.02	0.005	0.00500001	1.48344e-08	0.00400002	0.000999999
5	-0.03	0.006	0.00600001	1.42468e-08	0.00600001	2.86864e-11
6	-0.05	0.007	0.00700001	1.41533e-08	0.00700001	3.55246e-10
7	-0.1	0.008	0.00800001	1.41034e-08	0.00800001	6.24341e-10
8	-0.2	0.009	0.00900001	1.40538e-08	0.00900001	7.43608e-10
9	-0.5	0.01	0.01	1.39789e-08	0.01	7.96188e-10
10	-1	0.011	0.011	1.39155e-08	0.011	7.94879e-10
11	-1.1	0.012	0.012	1.39121e-08	0.012	8.0205e-10
12	-1.2	0.013	0.013	1.39158e-08	0.013	8.11879e-10
13	-1.3	0.014	0.014	1.39284e-08	0.014	8.30039e-10
14	-1.4	0.015	0.015	1.39493e-08	0.015	8.55723e-10
15	-1.5	0.016	0.016	1.39717e-08	0.016	8.8253e-10
3e-09	3e-08	2000	4000	2000	1.5e-12	10
1	-0.005	0.002	0.00200002	2.34985e-08	0	0.00200002
2	-0.01	0.003	0.00300002	1.66168e-08	0.00200002	0.000999993
3	-0.015	0.004	0.00400001	1.48382e-08	0.00300002	0.000999998
4	-0.02	0.005	0.00500001	1.40178e-08	0.00400001	0.000999999
5	-0.03	0.006	0.00600001	1.33277e-08	0.00500001	0.000999999
6	-0.05	0.007	0.00700001	1.2886e-08	0.00600001	0.001
7	-0.1	0.008	0.00800001	1.25757e-08	0.00700001	0.001
8	-0.2	0.009	0.00900001	1.2425e-08	0.00800001	0.001
9	-0.5	0.01	0.01	1.23403e-08	0.01	3.01227e-11
10	-1	0.011	0.011	1.22925e-08	0.011	3.84808e-11
11	-1.1	0.012	0.012	1.22879e-08	0.012	4.40658e-11
12	-1.2	0.013	0.013	1.22896e-08	0.013	5.13747e-11
13	-1.3	0.014	0.014	1.23016e-08	0.014	6.81623e-11
14	-1.4	0.015	0.015	1.23304e-08	0.015	1.01375e-10
15	-1.5	0.016	0.016	1.2386e-08	0.016	1.6078e-10
3e-09	3e-08	2000	4000	2000	1.5e-12	10
1	-0.003	0.001	0.00100002	1.99391e-08	0	0.00100002
2	-0.005	0.002	0.00200002	1.66107e-08	0.00100002	0.000999997
3	-0.01	0.003	0.00300001	1.43492e-08	0.00300001	3.8076e-10
4	-0.015	0.004	0.00400001	1.4271e-08	0.00400001	1.26284e-09
5	-0.02	0.005	0.00500001	1.42325e-08	0.00500001	1.68037e-09
6	-0.03	0.006	0.00600001	1.4199e-08	0.00600001	2.05828e-09
7	-0.05	0.007	0.00700001	1.41666e-08	0.00700001	2.34389e-09
8	-0.1	0.008	0.00800001	1.41189e-08	0.00800001	2.55611e-09
9	-0.2	0.009	0.00900001	1.40679e-08	0.00900001	2.65193e-09
10	-0.5	0.01	0.01	1.39868e-08	0.01	2.68501e-09
11	-1	0.011	0.011	1.39217e-08	0.011	2.67682e-09
12	-1.1	0.012	0.012	1.39142e-08	0.012	2.67961e-09
13	-1.2	0.013	0.013	1.39086e-08	0.013	2.67977e-09
14	-1.3	0.014	0.014	1.39058e-08	0.014	2.682e-09
15	-1.4	0.015	0.015	1.39069e-08	0.015	2.68768e-09
16	-1.5	0.016	0.016	1.39123e-08	0.016	2.69716e-09
3e-09	3e-08	2000	4000	2000	1.5e-12	10
1	-0.003	0.001	0.00100002	1.8227e-08	0	0.00100002
2	-0.005	0.002	0.00200002	1.53073e-08	0.00100002	0.000999997
3	-0.01	0.003	0.00300001	1.29389e-08	0.00300001	1.52299e-11
4	-0.015	0.004	0.00400001	1.28236e-08	0.00400001	7.55067e-10
5	-0.02	0.005	0.00500001	1.27901e-08	0.00500001	1.12389e-09
6	-0.03	0.006	0.00600001	1.27621e-08	0.00600001	1.46268e-09
7	-0.05	0.007	0.00700001	1.27403e-08	0.00700001	1.73149e-09
8	-0.1	0.008	0.00800001	1.2706e-08	0.00800001	1.93822e-09
9	-0.2	0.009	0.00900001	1.2665e-08	0.00900001	2.03322e-09
10	-0.5	0.01	0.01	1.25938e-08	0.01	2.06663e-09
11	-1	0.011	0.011	1.25355e-08	0.011	2.06044e-09
12	-1.1	0.012	0.012	1.25287e-08	0.012	2.06375e-09
13	-1.2	0.013	0.013	1.25238e-08	0.013	2.06424e-09
14	-1.3	0.014	0.014	1.25221e-08	0.014	2.06721e-09
15	-1.4	0.015	0.015	1.2525e-08	0.015	2.0743e-09
16	-1.5	0.016	0.016	1.25323e-08	0.016	2.0854e-09
3e-09	3e-08	2000	4000	2000	1.5e-12	10
1	-0.005	0.002	0.00200002	2.13203e-08	0	0.00200002
2	-0.01	0.003	0.00300002	1.66199e-08	0.00200002	0.000999995
3	-0.015	0.004	0.00400002	1.50913e-08	0.00300002	0.000999998
4	-0.02	0.005	0.00500001	1.43343e-08	0.00400002	0.000999999
5	-0.03	0.006	0.00600001	1.41717e-08	0.00600001	4.91724e-10
6	-0.05	0.007	0.00700001	1.41295e-08	0.00700001	9.01148e-10
7	-0.1	0.008	0.00800001	1.40912e-08	0.00800001	1.1957e-09
8	-0.2	0.009	0.00900001	1.40497e-08	0.00900001	1.32946e-09
9	-0.5	0.01	0.01	1.39818e-08	0.01	1.39202e-09
10	-1	0.011	0.011	1.39144e-08	0.011	1.38752e-09
11	-1.1	0.012	0.012	1.39033e-08	0.012	1.38702e-09
12	-1.2	0.013	0.013	1.38926e-08	0.013	1.38255e-09
13	-1.3	0.014	0.014	1.38804e-08	0.014	1.37583e-09
14	-1.4	0.015	0.015	1.38582e-08	0.015	1.35858e-09
15	-1.5	0.016	0.016	1.3804e-08	0.016	1.30875e-09
3e-09	3e-08	2000	4000	2000	1.5e-12	10
1	-0.003	0.001	0.00100003	2.59702e-08	0	0.00100003
2	-0.005	0.002	0.00200002	1.95443e-08	0.00100003	0.000999994
3	-0.01	0.003	0.00300002	1.58027e-08	0.00200002	0.000999996
4	-0.015	0.004	0.00400001	1.45455e-08	0.00300002	0.000999999
5	-0.02	0.005	0.00500001	1.39598e-08	0.00400001	0.000999999
6	-0.03	0.006	0.00600001	1.37486e-08	0.00600001	2.88956e-10
7	-0.05	0.007	0.00700001	1.36995e-08	0.00700001	6.07712e-10
8	-0.1	0.008	0.00800001	1.36415e-08	0.00800001	8.3971e-10
9	-0.2	0.009	0.00900001	1.35825e-08	0.00900001	9.39652e-10
10	-0.5	0.01	0.01	1.34944e-08	0.01	9.74872e-10
11	-1	0.011	0.011	1.34228e-08	0.011	9.64326e-10
12	-1.1	0.012	0.012	1.34198e-08	0.012	9.71815e-10
13	-1.2	0.013	0.013	1.34263e-08	0.013	9.84509e-10
14	-1.3	0.014	0.014	1.34473e-08	0.014	1.01092e-09
15	-1.4	0.015	0.015	1.34868e-08	0.015	1.05516e-09
16	-1.5	0.016	0.016	1.35531e-08	0.016	1.12586e-09
3e-09	3e-08	2000	4000	2000	1.5e-12	10
1	-0.003	0.001	0.00100002	1.88604e-08	0	0.00100002
2	-0.005	0.002	0.00200002	1.59617e-08	0.00100002	0.000999997
3	-0.01	0.003	0.00300001	1.40777e-08	0.00300001	4.19872e-10
4	-0.015	0.004	0.00400001	1.4034e-08	0.00400001	1.11361e-09
5	-0.02	0.005	0.00500001	1.40172e-08	0.00500001	1.419e-09
6	-0.03	0.006	0.00600001	1.39951e-08	0.00600001	1.70194e-09
7	-0.05	0.007	0.00700001	1.39606e-08	0.00700001	1.92928e-09
8	-0.1	0.008	0.00800001	1.39056e-08	0.00800001	2.09382e-09
9	-0.2	0.009	0.00900001	1.38394e-08	0.00900001	2.15549e-09
10	-0.5	0.01	0.01	1.37383e-08	0.01	2.1568e-09
11	-1	0.011	0.011	1.36652e-08	0.011	2.13575e-09
12	-1.1	0.012	0.012	1.36558e-08	0.012	2.13651e-09
13	-1.2	0.013	0.013	1.36477e-08	0.013	2.13378e-09
14	-1.3	0.014	0.014	1.36416e-08	0.014	2.13236e-09
15	-1.4	0.015	0.015	1.36389e-08	0.015	2.13389e-09
16	-1.5	0.016	0.016	1.36428e-08	0.016	2.14158e-09
3e-09	3e-08	2000	4000	2000	1.5e-12	10
1	-0.005	0.002	0.00200002	2.06137e-08	0	0.00200002
2	-0.01	0.003	0.00300002	1.58368e-08	0.00200002	0.000999995
3	-0.015	0.004	0.00400001	1.43542e-08	0.00300002	0.000999999
4	-0.02	0.005	0.00500001	1.36472e-08	0.00400001	0.000999999
5	-0.03	0.006	0.00600001	1.30826e-08	0.00600001	3.13654e-11
6	-0.05	0.007	0.00700001	1.30177e-08	0.00700001	3.77948e-10
7	-0.1	0.008	0.00800001	1.29798e-08	0.00800001	6.45432e-10
8	-0.2	0.009	0.00900001	1.29409e-08	0.00900001	7.6756e-10
9	-0.5	0.01	0.01	1.28795e-08	0.01	8.26844e-10
10	-1	0.011	0.011	1.28232e-08	0.011	8.28695e-10
11	-1.1	0.012	0.012	1.2817e-08	0.012	8.32809e-10
12	-1.2	0.013	0.013	1.28146e-08	0.013	8.36142e-10
13	-1.3	0.014	0.014	1.28189e-08	0.014	8.4559e-10
14	-1.4	0.015	0.015	1.28343e-08	0.015	8.6553e-10
15	-1.5	0.016	0.016	1.28637e-08	0.016	8.98961e-10
3e-09	3e-08	2000	4000	2000	1.5e-12	10
1	-0.003	0.001	0.00100002	2.02409e-08	0	0.00100002
2	-0.005	0.002	0.00200002	1.65728e-08	0.00100002	0.000999996
3	-0.01	0.003	0.00300001	1.37747e-08	0.00200002	0.000999997
4	-0.015	0.004	0.00400001	1.27889e-08	0.00300001	0.000999999
5	-0.02	0.005	0.00500001	1.26817e-08	0.00500001	3.47417e-10
6	-0.03	0.006	0.00600001	1.26401e-08	0.00600001	7.17921e-10
7	-0.05	0.007	0.00700001	1.26134e-08	0.00700001	1.00885e-09
8	-0.1	0.008	0.00800001	1.25822e-08	0.00800001	1.23677e-09
9	-0.2	0.009	0.00900001	1.25469e-08	0.00900001	1.34399e-09
10	-0.5	0.01	0.01	1.24804e-08	0.01	1.38638e-09
11	-1	0.011	0.011	1.24238e-08	0.011	1.38379e-09
12	-1.1	0.012	0.012	1.24224e-08	0.012	1.39261e-09
13	-1.2	0.013	0.013	1.24297e-08	0.013	1.40536e-09
14	-1.3	0.014	0.014	1.24501e-08	0.014	1.43065e-09
15	-1.4	0.015	0.015	1.24874e-08	0.015	1.4723e-09
16	-1.5	0.016	0.016	1.25503e-08	0.016	1.53911e-09
3e-09	3e-08	2000	4000	2000	1.5e-12	10
1	-0.003	0.001	0.00100002	2.08861e-08	0	0.00100002
2	-0.005	0.002	0.00200002	1.74817e-08	0.00100002	0.000999997
3	-0.01	0.003	0.00300001	1.48395e-08	0.00200002	0.000999997
4	-0.015	0.004	0.00400001	1.42954e-08	0.00400001	3.02178e-10
5	-0.02	0.005	0.00500001	1.42648e-08	0.00500001	6.42985e-10
6	-0.03	0.006	0.00600001	1.42378e-08	0.00600001	9.56523e-10
7	-0.05	0.007	0.00700001	1.42051e-08	0.00700001	1.20865e-09
8	-0.1	0.008	0.00800001	1.4159e-08	0.00800001	1.40004e-09
9	-0.2	0.009	0.00900001	1.41055e-08	0.00900001	1.48096e-09
10	-0.5	0.01	0.01	1.40111e-08	0.01	1.49392e-09
11	-1	0.011	0.011	1.39475e-08	0.011	1.48464e-09
12	-1.1	0.012	0.012	1.39477e-08	0.012	1.49523e-09
13	-1.2	0.013	0.013	1.39585e-08	0.013	1.51141e-09
14	-1.3	0.014	0.014	1.3987e-08	0.014	1.54487e-09
15	-1.4	0.015	0.015	1.40448e-08	0.015	1.60697e-09
16	-1.5	0.016	0.016	1.41545e-08	0.016	1.72062e-09
3e-09	3e-08	2000	4000	2000	1.5e-12	10
1	-0.003	0.001	0.00100003	3.28922e-08	0	0.00100003
2	-0.005	0.002	0.00200002	1.98972e-08	0.00100003	0.000999987
3	-0.01	0.003	0.00300002	1.57336e-08	0.00200002	0.000999996
4	-0.015	0.004	0.00400001	1.45352e-08	0.00400001	1.80916e-10
5	-0.02	0.005	0.00500001	1.4463e-08	0.00500001	8.0296e-10
6	-0.03	0.006	0.00600001	1.44007e-08	0.00600001	1.36445e-09
7	-0.05	0.007	0.00700001	1.4356e-08	0.00700001	1.74952e-09
8	-0.1	0.008	0.00800001	1.43153e-08	0.00800001	2.03103e-09
9	-0.2	0.009	0.00900001	1.427e-08	0.00900001	2.15883e-09
10	-0.5	0.01	0.01	1.42001e-08	0.01	2.21883e-09
11	-1	0.011	0.011	1.41395e-08	0.011	2.22114e-09
12	-1.1	0.012	0.012	1.41324e-08	0.012	2.22452e-09
13	-1.2	0.013	0.013	1.41274e-08	0.013	2.22575e-09
14	-1.3	0.014	0.014	1.41256e-08	0.014	2.22946e-09
15	-1.4	0.015	0.015	1.4129e-08	0.015	2.23785e-09
16	-1.5	0.016	0.016	1.4139e-08	0.016	2.25232e-09
3e-09	3e-08	2000	4000	2000	1.5e-12	10
1	-0.003	0.001	0.00100002	2.15017e-08	0	0.00100002
2	-0.005	0.002	0.00200002	1.78482e-08	0.00100002	0.000999996
3	-0.01	0.003	0.00300001	1.4951e-08	0.00200002	0.000999997
4	-0.015	0.004	0.00400001	1.47609e-08	0.00400001	8.49182e-10
5	-0.02	0.005	0.00500001	1.47211e-08	0.00500001	1.30254e-09
6	-0.03	0.006	0.00600001	1.46867e-08	0.00600001	1.70662e-09
7	-0.05	0.007	0.00700001	1.46534e-08	0.00700001	2.01096e-09
8	-0.1	0.008	0.00800001	1.46029e-08	0.00800001	2.23861e-09
9	-0.2	0.009	0.00900001	1.45483e-08	0.00900001	2.33965e-09
10	-0.5	0.01	0.01	1.44594e-08	0.01	2.37171e-09
11	-1	0.011	0.011	1.43913e-08	0.011	2.36364e-09
12	-1.1	0.012	0.012	1.4386e-08	0.012	2.36882e-09
13	-1.2	0.013	0.013	1.43857e-08	0.013	2.37456e-09
14	-1.3	0.014	0.014	1.43925e-08	0.014	2.38666e-09
15	-1.4	0.015	0.015	1.44078e-08	0.015	2.4067e-09
16	-1.5	0.016	0.016	1.44323e-08	0.016	2.43553e-09
3e-09	3e-08	2000	4000	2000	1.5e-12	10
1	-0.003	0.001	0.00100003	2.65635e-08	0	0.00100003
2	-0.005	0.002	0.00200002	1.8178e-08	0.00100003	0.000999992
3	-0.01	0.003	0.00300001	1.43526e-08	0.00200002	0.000999996
4	-0.015	0.004	0.00400001	1.31235e-08	0.00400001	6.12162e-11
5	-0.02	0.005	0.00500001	1.30456e-08	0.00500001	6.20064e-10
6	-0.03	0.006	0.00600001	1.29914e-08	0.00600001	1.13558e-09
7	-0.05	0.007	0.00700001	1.2956e-08	0.00700001	1.4953e-09
8	-0.1	0.008	0.00800001	1.29278e-08	0.00800001	1.76264e-09
9	-0.2	0.009	0.00900001	1.28934e-08	0.00900001	1.88633e-09
10	-0.5	0.01	0.01	1.28397e-08	0.01	1.95032e-09
11	-1	0.011	0.011	1.27914e-08	0.011	1.95898e-09
12	-1.1	0.012	0.012	1.27847e-08	0.012	1.96252e-09
13	-1.2	0.013	0.013	1.27791e-08	0.013	1.96255e-09
14	-1.3	0.014	0.014	1.27747e-08	0.014	1.96326e-09
15	-1.4	0.015	0.015	1.27725e-08	0.015	1.96558e-09
16	-1.5	0.016	0.016	1.27737e-08	0.016	1.97076e-09
3e-09	3e-08	2000	4000	2000	1.5e-12	10
1	-0.003	0.001	0.00100003	2.87364e-08	0	0.00100003
2	-0.005	0.002	0.00200002	2.03528e-08	0.00100003	0.000999992
3	-0.01	0.003	0.00300002	1.62771e-08	0.00200002	0.000999996
4	-0.015	0.004	0.00400001	1.49744e-08	0.00300002	0.000999999
5	-0.02	0.005	0.00500001	1.4388e-08	0.00400001	0.000999999
6	-0.03	0.006	0.00600001	1.39649e-08	0.00600001	5.54913e-11
7	-0.05	0.007	0.00700001	1.39013e-08	0.00700001	3.48244e-10
8	-0.1	0.008	0.00800001	1.38594e-08	0.00800001	5.85804e-10
9	-0.2	0.009	0.00900001	1.38171e-08	0.00900001	6.93573e-10
10	-0.5	0.01	0.01	1.37438e-08	0.01	7.36085e-10
11	-1	0.011	0.011	1.36788e-08	0.011	7.28258e-10
12	-1.1	0.012	0.012	1.36743e-08	0.012	7.34088e-10
13	-1.2	0.013	0.013	1.36774e-08	0.013	7.42866e-10
14	-1.3	0.014	0.014	1.3693e-08	0.014	7.63618e-10
15	-1.4	0.015	0.015	1.37262e-08	0.015	8.0131e-10
16	-1.5	0.016	0.016	1.37814e-08	0.016	8.606e-10
3e-09	3e-08	2000	4000	2000	1.5e-12	10
1	-0.003	0.001	0.00100002	1.54734e-08	0	0.00100002
2	-0.005	0.002	0.00200001	1.33781e-08	0.00100002	0.000999998
3	-0.01	0.003	0.00300001	1.25638e-08	0.00300001	1.01462e-09
4	-0.015	0.004	0.00400001	1.25207e-08	0.00400001	1.61533e-09
5	-0.02	0.005	0.00500001	1.25032e-08	0.00500001	1.89885e-09
6	-0.03	0.006	0.00600001	1.24856e-08	0.00600001	2.17121e-09
7	-0.05	0.007	0.00700001	1.24573e-08	0.00700001	2.39177e-09
8	-0.1	0.008	0.00800001	1.24085e-08	0.00800001	2.55892e-09
9	-0.2	0.009	0.00900001	1.23487e-08	0.00900001	2.626e-09
10	-0.5	0.01	0.01	1.22554e-08	0.01	2.63177e-09
11	-1	0.011	0.011	1.21835e-08	0.011	2.60999e-09
12	-1.1	0.012	0.012	1.21731e-08	0.012	2.6097e-09
13	-1.2	0.013	0.013	1.21626e-08	0.013	2.60431e-09
14	-1.3	0.014	0.014	1.21507e-08	0.014	2.59704e-09
15	-1.4	0.015	0.015	1.21358e-08	0.015	2.58621e-09
16	-1.5	0.016	0.016	1.21168e-08	0.016	2.57089e-09
3e-09	3e-08	2000	4000	2000	1.5e-12	10
1	-0.003	0.001	0.00100002	2.34541e-08	0	0.00100002
2	-0.005	0.002	0.00200002	1.80559e-08	0.00100002	0.000999995
3	-0.01	0.003	0.00300001	1.46731e-08	0.00200002	0.000999997
4	-0.015	0.004	0.00400001	1.39337e-08	0.00400001	3.85012e-10
5	-0.02	0.005	0.00500001	1.3891e-08	0.00500001	8.60308e-10
6	-0.03	0.006	0.00600001	1.38551e-08	0.00600001	1.27219e-09
7	-0.05	0.007	0.00700001	1.38213e-08	0.00700001	1.57779e-09
8	-0.1	0.008	0.00800001	1.37685e-08	0.00800001	1.80041e-09
9	-0.2	0.009	0.00900001	1.37107e-08	0.00900001	1.89577e-09
10	-0.5	0.01	0.01	1.36191e-08	0.01	1.92375e-09
11	-1	0.011	0.011	1.35485e-08	0.011	1.91269e-09
12	-1.1	0.012	0.012	1.354e-08	0.012	1.91459e-09
13	-1.2	0.013	0.013	1.35333e-08	0.013	1.91391e-09
14	-1.3	0.014	0.014	1.35291e-08	0.014	1.91503e-09
15	-1.4	0.015	0.015	1.35289e-08	0.015	1.9196e-09
16	-1.5	0.016	0.016	1.35343e-08	0.016	1.92927e-09
3e-09	3e-08	2000	4000	2000	1.5e-12	10
1	-0.005	0.002	0.00200002	2.15296e-08	0	0.00200002
2	-0.01	0.003	0.00300002	1.63264e-08	0.00200002	0.000999995
3	-0.015	0.004	0.00400001	1.47883e-08	0.00300002	0.000999998
4	-0.02	0.005	0.00500001	1.40701e-08	0.00400001	0.000999999
5	-0.03	0.006	0.00600001	1.34495e-08	0.00500001	0.000999999
6	-0.05	0.007	0.00700001	1.32791e-08	0.00700001	2.2944e-10
7	-0.1	0.008	0.00800001	1.3241e-08	0.00800001	4.92045e-10
8	-0.2	0.009	0.00900001	1.32084e-08	0.00900001	6.15928e-10
9	-0.5	0.01	0.01	1.31541e-08	0.01	6.79151e-10
10	-1	0.011	0.011	1.3102e-08	0.011	6.83927e-10
11	-1.1	0.012	0.012	1.30963e-08	0.012	6.88474e-10
12	-1.2	0.013	0.013	1.30945e-08	0.013	6.92334e-10
13	-1.3	0.014	0.014	1.30997e-08	0.014	7.02592e-10
14	-1.4	0.015	0.015	1.31169e-08	0.015	7.24306e-10
15	-1.5	0.016	0.016	1.31504e-08	0.016	7.6182e-10
3e-09	3e-08	2000	4000	2000	1.5e-12	10
1	-0.003	0.001	0.00100002	2.08163e-08	0	0.00100002
2	-0.005	0.002	0.00200002	1.72112e-08	0.00100002	0.000999996
3	-0.01	0.003	0.00300001	1.43354e-08	0.00200002	0.000999997
4	-0.015	0.004	0.00400001	1.39385e-08	0.00400001	6.45578e-10
5	-0.02	0.005	0.00500001	1.38876e-08	0.00500001	1.13157e-09
6	-0.03	0.006	0.00600001	1.38352e-08	0.00600001	1.57011e-09
7	-0.05	0.007	0.00700001	1.37998e-08	0.00700001	1.89666e-09
8	-0.1	0.008	0.00800001	1.37625e-08	0.00800001	2.14789e-09
9	-0.2	0.009	0.00900001	1.37208e-08	0.00900001	2.26581e-09
10	-0.5	0.01	0.01	1.3655e-08	0.01	2.3202e-09
11	-1	0.011	0.011	1.3598e-08	0.011	2.32197e-09
12	-1.1	0.012	0.012	1.3592e-08	0.012	2.32629e-09
13	-1.2	0.013	0.013	1.35889e-08	0.013	2.32914e-09
14	-1.3	0.014	0.014	1.35906e-08	0.014	2.33601e-09
15	-1.4	0.015	0.015	1.35991e-08	0.015	2.34915e-09
16	-1.5	0.016	0.016	1.36147e-08	0.016	2.36904e-09
3e-09	3e-08	2000	4000	2000	1.5e-12	10
1	-0.003	0.001	0.00100002	2.1249e-08	0	0.00100002
2	-0.005	0.002	0.00200002	1.74011e-08	0.00100002	0.000999996
3	-0.01	0.003	0.00300001	1.45934e-08	0.00200002	0.000999997
4	-0.015	0.004	0.00400001	1.37424e-08	0.00400001	1.08493e-11
5	-0.02	0.005	0.00500001	1.36588e-08	0.00500001	2.92807e-10
6	-0.03	0.006	0.00600001	1.36313e-08	0.00600001	6.01228e-10
7	-0.05	0.007	0.00700001	1.36032e-08	0.00700001	8.57393e-10
8	-0.1	0.008	0.00800001	1.35626e-08	0.00800001	1.05061e-09
9	-0.2	0.009	0.00900001	1.35142e-08	0.00900001	1.13195e-09
10	-0.5	0.01	0.01	1.34261e-08	0.01	1.14703e-09
11	-1	0.011	0.011	1.33615e-08	0.011	1.13483e-09
12	-1.1	0.012	0.012	1.33587e-08	0.012	1.1422e-09
13	-1.2	0.013	0.013	1.33625e-08	0.013	1.15142e-09
14	-1.3	0.014	0.014	1.33751e-08	0.014	1.16876e-09
15	-1.4	0.015	0.015	1.33977e-08	0.015	1.19554e-09
16	-1.5	0.016	0.016	1.34439e-08	0.016	1.24557e-09
3e-09	3e-08	2000	4000	2000	1.5e-12	10
1	-0.005	0.002	0.00200002	2.12404e-08	0	0.00200002
2	-0.01	0.003	0.00300002	1.64281e-08	0.00200002	0.000999995
3	-0.015	0.004	0.00400001	1.491e-08	0.00300002	0.000999998
4	-0.02	0.005	0.00500001	1.41622e-08	0.00400001	0.000999999
5	-0.03	0.006	0.00600001	1.39034e-08	0.00600001	3.74354e-10
6	-0.05	0.007	0.00700001	1.38537e-08	0.00700001	7.68142e-10
7	-0.1	0.008	0.00800001	1.38164e-08	0.00800001	1.05579e-09
8	-0.2	0.009	0.00900001	1.37795e-08	0.00900001	1.18893e-09
9	-0.5	0.01	0.01	1.3719e-08	0.01	1.25495e-09
10	-1	0.011	0.011	1.36635e-08	0.011	1.26054e-09
11	-1.1	0.012	0.012	1.36595e-08	0.012	1.26694e-09
12	-1.2	0.013	0.013	1.3661e-08	0.013	1.27452e-09
13	-1.3	0.014	0.014	1.36697e-08	0.014	1.28859e-09
14	-1.4	0.015	0.015	1.36849e-08	0.015	1.30859e-09
15	-1.5	0.016	0.016	1.36997e-08	0.016	1.32766e-09
3e-09	3e-08	2000	4000	2000	1.5e-12	10
1	-0.003	0.001	0.00100002	2.08008e-08	0	0.00100002
2	-0.005	0.002	0.00200002	1.70782e-08	0.00100002	0.000999996
3	-0.01	0.003	0.00300001	1.43287e-08	0.00200002	0.000999997
4	-0.015	0.004	0.00400001	1.35951e-08	0.00400001	1.32397e-10
5	-0.02	0.005	0.00500001	1.35582e-08	0.00500001	4.6945e-10
6	-0.03	0.006	0.00600001	1.35309e-08	0.00600001	7.80229e-10
7	-0.05	0.007	0.00700001	1.34957e-08	0.00700001	1.02358e-09
8	-0.1	0.008	0.00800001	1.34446e-08	0.00800001	1.20274e-09
9	-0.2	0.009	0.00900001	1.33898e-08	0.00900001	1.27774e-09
10	-0.5	0.01	0.01	1.32997e-08	0.01	1.2909e-09
11	-1	0.011	0.011	1.32334e-08	0.011	1.27664e-09
12	-1.1	0.012	0.012	1.32271e-08	0.012	1.2805e-09
13	-1.2	0.013	0.013	1.32245e-08	0.013	1.28318e-09
14	-1.3	0.014	0.014	1.32283e-08	0.014	1.29173e-09
15	-1.4	0.015	0.015	1.32425e-08	0.015	1.31021e-09
16	-1.5	0.016	0.016	1.32726e-08	0.016	1.34412e-09
3e-09	3e-08	2000	4000	2000	1.5e-12	10
1	-0.005	0.002	0.00200003	2.71753e-08	0	0.00200003
2	-0.01	0.003	0.00300002	1.67207e-08	0.00200003	0.00099999
3	-0.015	0.004	0.00400001	1.47141e-08	0.00300002	0.000999998
4	-0.02	0.005	0.00500001	1.37482e-08	0.00400001	0.000999999
5	-0.03	0.006	0.00600001	1.28627e-08	0.00500001	0.000999999
6	-0.05	0.007	0.00700001	1.24915e-08	0.00700001	1.95218e-10
7	-0.1	0.008	0.00800001	1.24484e-08	0.00800001	5.29176e-10
8	-0.2	0.009	0.00900001	1.24193e-08	0.00900001	6.87777e-10
9	-0.5	0.01	0.01	1.2372e-08	0.01	7.74471e-10
10	-1	0.011	0.011	1.23264e-08	0.011	7.91988e-10
11	-1.1	0.012	0.012	1.23204e-08	0.012	7.96443e-10
12	-1.2	0.013	0.013	1.2316e-08	0.013	7.98313e-10
13	-1.3	0.014	0.014	1.23145e-08	0.014	8.02259e-10
14	-1.4	0.015	0.015	1.23182e-08	0.015	8.10834e-10
15	-1.5	0.016	0.016	1.23299e-08	0.016	8.26859e-10
3e-09	3e-08	2000	4000	2000	1.5e-12	10
1	-0.003	0.001	0.00100002	2.4435e-08	0	0.00100002
2	-0.005	0.002	0.00200002	1.82912e-08	0.00100002	0.000999994
3	-0.01	0.003	0.00300001	1.47618e-08	0.00200002	0.000999996
4	-0.015	0.004	0.00400001	1.36515e-08	0.00300001	0.000999999
5	-0.02	0.005	0.00500001	1.31701e-08	0.00400001	0.001
6	-0.03	0.006	0.00600001	1.28539e-08	0.00600001	8.36663e-11
7	-0.05	0.007	0.00700001	1.28128e-08	0.00700001	3.53736e-10
8	-0.1	0.008	0.00800001	1.27787e-08	0.00800001	5.66263e-10
9	-0.2	0.009	0.00900001	1.27406e-08	0.00900001	6.62072e-10
10	-0.5	0.01	0.01	1.26744e-08	0.01	7.00095e-10
11	-1	0.011	0.011	1.26191e-08	0.011	6.96503e-10
12	-1.1	0.012	0.012	1.26132e-08	0.012	7.00694e-10
13	-1.2	0.013	0.013	1.26101e-08	0.013	7.02824e-10
14	-1.3	0.014	0.014	1.2611e-08	0.014	7.08373e-10
15	-1.4	0.015	0.015	1.26156e-08	0.015	7.17214e-10
16	-1.5	0.016	0.016	1.26176e-08	0.016	7.22902e-10
3e-09	3e-08	2000	4000	2000	1.5e-12	10
1	-0.005	0.002	0.00200002	2.32072e-08	0	0.00200002
2	-0.01	0.003	0.00300002	1.79412e-08	0.00200002	0.000999995
3	-0.015	0.004	0.00400002	1.6378e-08	0.00300002	0.000999998
4	-0.02	0.005	0.00500002	1.56741e-08	0.00400002	0.000999999
5	-0.03	0.006	0.00600002	1.51128e-08	0.00500002	0.000999999
6	-0.05	0.007	0.00700002	1.50004e-08	0.00700001	2.78637e-10
7	-0.1	0.008	0.00800001	1.49435e-08	0.00800001	5.23878e-10
8	-0.2	0.009	0.00900001	1.489e-08	0.00900001	6.30413e-10
9	-0.5	0.01	0.01	1.48079e-08	0.01	6.71971e-10
10	-1	0.011	0.011	1.47414e-08	0.011	6.66393e-10
11	-1.1	0.012	0.012	1.47403e-08	0.012	6.75698e-10
12	-1.2	0.013	0.013	1.47507e-08	0.013	6.92171e-10
13	-1.3	0.014	0.014	1.47798e-08	0.014	7.2668e-10
14	-1.4	0.015	0.015	1.4837e-08	0.015	7.88708e-10
15	-1.5	0.016	0.016	1.49431e-08	0.016	8.99155e-10
3e-09	3e-08	2000	4000	2000	1.5e-12	10
1	-0.003	0.001	0.00100002	1.68614e-08	0	0.00100002
2	-0.005	0.002	0.00200001	1.45631e-08	0.00100002	0.000999998
3	-0.01	0.003	0.00300001	1.37906e-08	0.00300001	1.22935e-09
4	-0.015	0.004	0.00400001	1.37333e-08	0.00400001	1.88895e-09
5	-0.02	0.005	0.00500001	1.37092e-08	0.00500001	2.19982e-09
6	-0.03	0.006	0.00600001	1.36875e-08	0.00600001	2.49918e-09
7	-0.05	0.007	0.00700001	1.36592e-08	0.00700001	2.74393e-09
8	-0.1	0.008	0.00800001	1.36131e-08	0.00800001	2.93675e-09
9	-0.2	0.009	0.00900001	1.35548e-08	0.00900001	3.01807e-09
10	-0.5	0.01	0.01	1.34566e-08	0.01	3.02951e-09
11	-1	0.011	0.011	1.33841e-08	0.011	3.01195e-09
12	-1.1	0.012	0.012	1.33756e-08	0.012	3.01379e-09
13	-1.2	0.013	0.013	1.33695e-08	0.013	3.01327e-09
14	-1.3	0.014	0.014	1.33671e-08	0.014	3.01583e-09
15	-1.4	0.015	0.015	1.33707e-08	0.015	3.02383e-09
16	-1.5	0.016	0.016	1.33832e-08	0.016	3.04028e-09
3e-09	3e-08	2000	4000	2000	1.5e-12	10
1	-0.003	0.001	0.00100002	1.99121e-08	0	0.00100002
2	-0.005	0.002	0.00200002	1.68744e-08	0.00100002	0.000999997
3	-0.01	0.003	0.00300001	1.43157e-08	0.00200002	0.000999997
4	-0.015	0.004	0.00400001	1.41114e-08	0.00400001	7.21134e-10
5	-0.02	0.005	0.00500001	1.40729e-08	0.00500001	1.12643e-09
6	-0.03	0.006	0.00600001	1.40377e-08	0.00600001	1.49325e-09
7	-0.05	0.007	0.00700001	1.39996e-08	0.00700001	1.77061e-09
8	-0.1	0.008	0.00800001	1.3944e-08	0.00800001	1.97605e-09
9	-0.2	0.009	0.00900001	1.38859e-08	0.00900001	2.06615e-09
10	-0.5	0.01	0.01	1.37944e-08	0.01	2.09054e-09
11	-1	0.011	0.011	1.37206e-08	0.011	2.07449e-09
12	-1.1	0.012	0.012	1.37121e-08	0.012	2.0764e-09
13	-1.2	0.013	0.013	1.37055e-08	0.013	2.07564e-09
14	-1.3	0.014	0.014	1.36995e-08	0.014	2.07482e-09
15	-1.4	0.015	0.015	1.36892e-08	0.015	2.06911e-09
16	-1.5	0.016	0.016	1.3664e-08	0.016	2.048e-09
3e-09	3e-08	2000	4000	2000	1.5e-12	10
1	-0.005	0.002	0.00200002	2.02194e-08	0.00200002	4.47602e-13
2	-0.01	0.003	0.00300001	1.49367e-08	0.00300001	2.81798e-13
3	-0.015	0.004	0.00400001	1.34003e-08	0.00400001	5.1497e-14
4	-0.02	0.005	0.00500001	1.26592e-08	0.00400001	0.000999999
5	-0.03	0.006	0.00600001	1.23072e-08	0.00600001	2.93879e-10
6	-0.05	0.007	0.00700001	1.22602e-08	0.00700001	6.79596e-10
7	-0.1	0.008	0.00800001	1.22362e-08	0.00800001	9.65605e-10
8	-0.2	0.009	0.00900001	1.22117e-08	0.00900001	1.10115e-09
9	-0.5	0.01	0.01	1.21707e-08	0.01	1.17723e-09
10	-1	0.011	0.011	1.21315e-08	0.011	1.1941e-09
11	-1.1	0.012	0.012	1.21263e-08	0.012	1.19916e-09
12	-1.2	0.013	0.013	1.21224e-08	0.013	1.20078e-09
13	-1.3	0.014	0.014	1.21202e-08	0.014	1.20352e-09
14	-1.4	0.015	0.015	1.21214e-08	0.015	1.20921e-09
15	-1.5	0.016	0.016	1.21284e-08	0.016	1.22023e-09
3e-09	3e-08	2000	4000	2000	1.5e-12	10
1	-0.005	0.002	0.00200003	2.95935e-08	0	0.00200003
2	-0.01	0.003	0.00300002	1.91869e-08	0.00200003	0.00099999
3	-0.015	0.004	0.00400002	1.70698e-08	0.00300002	0.000999998
4	-0.02	0.005	0.00500002	1.60936e-08	0.00400002	0.000999999
5	-0.03	0.006	0.00600002	1.52702e-08	0.00500002	0.000999999
6	-0.05	0.007	0.00700001	1.4899e-08	0.00700001	1.22543e-10
7	-0.1	0.008	0.00800001	1.48405e-08	0.00800001	4.1534e-10
8	-0.2	0.009	0.00900001	1.4799e-08	0.00900001	5.51395e-10
9	-0.5	0.01	0.01	1.47362e-08	0.01	6.20011e-10
10	-1	0.011	0.011	1.46829e-08	0.011	6.27734e-10
11	-1.1	0.012	0.012	1.46816e-08	0.012	6.36915e-10
12	-1.2	0.013	0.013	1.46898e-08	0.013	6.51386e-10
13	-1.3	0.014	0.014	1.47145e-08	0.014	6.81521e-10
14	-1.4	0.015	0.015	1.47651e-08	0.015	7.37099e-10
15	-1.5	0.016	0.016	1.48612e-08	0.016	8.37643e-10
3e-09	3e-08	2000	4000	2000	1.5e-12	10
1	-0.003	0.001	0.00100002	1.91378e-08	0	0.00100002
2	-0.005	0.002	0.00200002	1.56992e-08	0.00100002	0.000999997
3	-0.01	0.003	0.00300001	1.30628e-08	0.00200002	0.000999997
4	-0.015	0.004	0.00400001	1.28966e-08	0.00400001	7.63084e-10
5	-0.02	0.005	0.00500001	1.28595e-08	0.00500001	1.16894e-09
6	-0.03	0.006	0.00600001	1.28275e-08	0.00600001	1.53593e-09
7	-0.05	0.007	0.00700001	1.28036e-08	0.00700001	1.81921e-09
8	-0.1	0.008	0.00800001	1.27673e-08	0.00800001	2.03424e-09
9	-0.2	0.009	0.00900001	1.27276e-08	0.00900001	2.13495e-09
10	-0.5	0.01	0.01	1.26616e-08	0.01	2.17657e-09
11	-1	0.011	0.011	1.26039e-08	0.011	2.17216e-09
12	-1.1	0.012	0.012	1.25961e-08	0.012	2.17441e-09
13	-1.2	0.013	0.013	1.25891e-08	0.013	2.17284e-09
14	-1.3	0.014	0.014	1.25827e-08	0.014	2.17121e-09
15	-1.4	0.015	0.015	1.25765e-08	0.015	2.16929e-09
16	-1.5	0.016	0.016	1.25685e-08	0.016	2.16514e-09
3e-09	3e-08	2000	4000	2000	1.5e-12	10
1	-0.005	0.002	0.00200002	2.09415e-08	0	0.00200002
2	-0.01	0.003	0.00300002	1.62934e-08	0.00200002	0.000999995
3	-0.015	0.004	0.00400001	1.48354e-08	0.00300002	0.000999999
4	-0.02	0.005	0.00500001	1.41553e-08	0.00400001	0.000999999
5	-0.03	0.006	0.00600001	1.36622e-08	0.00600001	8.18754e-11
6	-0.05	0.007	0.00700001	1.35976e-08	0.00700001	4.11482e-10
7	-0.1	0.008	0.00800001	1.35621e-08	0.00800001	6.70311e-10
8	-0.2	0.009	0.00900001	1.35266e-08	0.00900001	7.901e-10
9	-0.5	0.01	0.01	1.34647e-08	0.01	8.4649e-10
10	-1	0.011	0.011	1.34072e-08	0.011	8.4692e-10
11	-1.1	0.012	0.012	1.34015e-08	0.012	8.51514e-10
12	-1.2	0.013	0.013	1.33997e-08	0.013	8.55565e-10
13	-1.3	0.014	0.014	1.34048e-08	0.014	8.65797e-10
14	-1.4	0.015	0.015	1.342e-08	0.015	8.85543e-10
15	-1.5	0.016	0.016	1.34465e-08	0.016	9.16168e-10
3e-09	3e-08	2000	4000	2000	1.5e-12	10
1	-0.003	0.001	0.00100002	1.83045e-08	0	0.00100002
2	-0.005	0.002	0.00200002	1.55006e-08	0.00100002	0.000999997
3	-0.01	0.003	0.00300001	1.31373e-08	0.00200002	0.000999998
4	-0.015	0.004	0.00400001	1.27922e-08	0.00400001	4.87086e-10
5	-0.02	0.005	0.00500001	1.27562e-08	0.00500001	8.48643e-10
6	-0.03	0.006	0.00600001	1.27285e-08	0.00600001	1.18537e-09
7	-0.05	0.007	0.00700001	1.27074e-08	0.00700001	1.45755e-09
8	-0.1	0.008	0.00800001	1.26776e-08	0.00800001	1.67462e-09
9	-0.2	0.009	0.00900001	1.2641e-08	0.00900001	1.77697e-09
10	-0.5	0.01	0.01	1.25699e-08	0.01	1.81057e-09
11	-1	0.011	0.011	1.25106e-08	0.011	1.80426e-09
12	-1.1	0.012	0.012	1.25077e-08	0.012	1.81145e-09
13	-1.2	0.013	0.013	1.25103e-08	0.013	1.81945e-09
14	-1.3	0.014	0.014	1.25184e-08	0.014	1.83234e-09
15	-1.4	0.015	0.015	1.25297e-08	0.015	1.84793e-09
16	-1.5	0.016	0.016	1.25383e-08	0.016	1.86039e-09
3e-09	3e-08	2000	4000	2000	1.5e-12	10
1	-0.003	0.001	0.00100002	1.94518e-08	0	0.00100002
2	-0.005	0.002	0.00200002	1.62809e-08	0.00100002	0.000999997
3	-0.01	0.003	0.00300001	1.40543e-08	0.00300001	3.55119e-10
4	-0.015	0.004	0.00400001	1.39779e-08	0.00400001	1.23139e-09
5	-0.02	0.005	0.00500001	1.39394e-08	0.00500001	1.64958e-09
6	-0.03	0.006	0.00600001	1.39059e-08	0.00600001	2.02993e-09
7	-0.05	0.007	0.00700001	1.38761e-08	0.00700001	2.32185e-09
8	-0.1	0.008	0.00800001	1.38312e-08	0.00800001	2.54353e-09
9	-0.2	0.009	0.00900001	1.3781e-08	0.00900001	2.64485e-09
10	-0.5	0.01	0.01	1.36946e-08	0.01	2.6743e-09
11	-1	0.011	0.011	1.36257e-08	0.011	2.6636e-09
12	-1.1	0.012	0.012	1.36174e-08	0.012	2.66566e-09
13	-1.2	0.013	0.013	1.36112e-08	0.013	2.66535e-09
14	-1.3	0.014	0.014	1.36082e-08	0.014	2.66755e-09
15	-1.4	0.015	0.015	1.361e-08	0.015	2.67406e-09
16	-1.5	0.016	0.016	1.36174e-08	0.016	2.68567e-09
3e-09	3e-08	2000	4000	2000	1.5e-12	10
1	-0.003	0.001	0.00100003	2.58567e-08	0.00100003	2.9296e-12
2	-0.005	0.002	0.00200002	1.91311e-08	0.00200002	2.78969e-12
3	-0.01	0.003	0.00300002	1.53543e-08	0.00300002	2.52265e-12
4	-0.015	0.004	0.00400001	1.41009e-08	0.00400001	1.87949e-12
5	-0.02	0.005	0.00500001	1.35111e-08	0.00400001	0.000999999
6	-0.03	0.006	0.00600001	1.33493e-08	0.00600001	3.3118e-10
7	-0.05	0.007	0.00700001	1.33174e-08	0.00700001	6.59088e-10
8	-0.1	0.008	0.00800001	1.32904e-08	0.00800001	9.12709e-10
9	-0.2	0.009	0.00900001	1.32598e-08	0.00900001	1.03147e-09
10	-0.5	0.01	0.01	1.32006e-08	0.01	1.08569e-09
11	-1	0.011	0.011	1.31472e-08	0.011	1.08614e-09
12	-1.1	0.012	0.012	1.31433e-08	0.012	1.0925e-09
13	-1.2	0.013	0.013	1.31448e-08	0.013	1.09954e-09
14	-1.3	0.014	0.014	1.31555e-08	0.014	1.11522e-09
15	-1.4	0.015	0.015	1.31797e-08	0.015	1.14381e-09
16	-1.5	0.016	0.016	1.3222e-08	0.016	1.19006e-09
