3e-09	3e-08	2000	4000	2000	1.5e-12	10
1	0.005	0.002	0.00200002	2.14149e-08	0	0.00200002
2	0.01	0.003	0.00300002	1.60658e-08	0.00200002	0.000999995
3	0.015	0.004	0.00400001	1.45769e-08	0.00300002	0.000999999
4	0.02	0.005	0.00500001	1.39186e-08	0.00400001	0.000999999
5	0.03	0.006	0.00600001	1.33757e-08	0.00500001	0.000999999
6	0.05	0.007	0.00700001	1.30015e-08	0.00600001	0.001
7	0.1	0.008	0.00800001	1.2898e-08	0.00800001	1.56299e-10
8	0.2	0.009	0.00900001	1.28622e-08	0.00900001	2.6392e-10
9	0.5	0.01	0.01	1.28051e-08	0.01	3.15697e-10
10	1	0.011	0.011	1.27458e-08	0.011	3.10046e-10
11	1.1	0.012	0.012	1.27367e-08	0.012	3.09554e-10
12	1.2	0.013	0.013	1.27285e-08	0.013	3.06875e-10
13	1.3	0.014	0.014	1.2721e-08	0.014	3.04208e-10
14	1.4	0.015	0.015	1.27139e-08	0.015	3.01559e-10
15	1.5	0.016	0.016	1.27072e-08	0.016	2.98808e-10
3e-09	3e-08	2000	4000	2000	1.5e-12	10
1	0.005	0.002	0.00200002	2.26647e-08	0	0.00200002
2	0.01	0.003	0.00300002	1.62496e-08	0.00200002	0.000999994
3	0.015	0.004	0.00400001	1.44741e-08	0.00300002	0.000999998
4	0.02	0.005	0.00500001	1.35961e-08	0.00400001	0.000999999
5	0.03	0.006	0.00600001	1.30611e-08	0.00600001	2.55304e-10
6	0.05	0.007	0.00700001	1.29961e-08	0.00700001	7.19712e-10
7	0.1	0.008	0.00800001	1.2958e-08	0.00800001	1.04107e-09
8	0.2	0.009	0.00900001	1.2922e-08	0.00900001	1.18792e-09
9	0.5	0.01	0.01	1.28688e-08	0.01	1.26536e-09
10	1	0.011	0.011	1.28166e-08	0.011	1.27611e-09
11	1.1	0.012	0.012	1.28083e-08	0.012	1.27851e-09
12	1.2	0.013	0.013	1.28007e-08	0.013	1.27718e-09
13	1.3	0.014	0.014	1.27934e-08	0.014	1.27554e-09
14	1.4	0.015	0.015	1.27866e-08	0.015	1.2737e-09
15	1.5	0.016	0.016	1.278e-08	0.016	1.27161e-09
3e-09	3e-08	2000	4000	2000	1.5e-12	10
1	0.003	0.001	0.00100002	2.08187e-08	0	0.00100002
2	0.005	0.002	0.00200002	1.67954e-08	0.00100002	0.000999996
3	0.01	0.003	0.00300001	1.39413e-08	0.00200002	0.000999997
4	0.015	0.004	0.00400001	1.32708e-08	0.00400001	2.71387e-10
5	0.02	0.005	0.00500001	1.3231e-08	0.00500001	6.56715e-10
6	0.03	0.006	0.00600001	1.31994e-08	0.00600001	1.00247e-09
7	0.05	0.007	0.00700001	1.3169e-08	0.00700001	1.2699e-09
8	0.1	0.008	0.00800001	1.31257e-08	0.00800001	1.46891e-09
9	0.2	0.009	0.00900001	1.30801e-08	0.00900001	1.55748e-09
10	0.5	0.01	0.01	1.30024e-08	0.01	1.58432e-09
11	1	0.011	0.011	1.29288e-08	0.011	1.56349e-09
12	1.1	0.012	0.012	1.29185e-08	0.012	1.56364e-09
13	1.2	0.013	0.013	1.29093e-08	0.013	1.55989e-09
14	1.3	0.014	0.014	1.29007e-08	0.014	1.55615e-09
15	1.4	0.015	0.015	1.28922e-08	0.015	1.55212e-09
16	1.5	0.016	0.016	1.28832e-08	0.016	1.54702e-09
3e-09	3e-08	2000	4000	2000	1.5e-12	10
1	0.005	0.002	0.00200002	2.04526e-08	0	0.00200002
2	0.01	0.003	0.00300002	1.5807e-08	0.00200002	0.000999995
3	0.015	0.004	0.00400001	1.43278e-08	0.00300002	0.000999999
4	0.02	0.005	0.00500001	1.36194e-08	0.00400001	0.000999999
5	0.03	0.006	0.00600001	1.34814e-08	0.00600001	4.55509e-10
6	0.05	0.007	0.00700001	1.34402e-08	0.00700001	8.27332e-10
7	0.1	0.008	0.00800001	1.341e-08	0.00800001	1.10725e-09
8	0.2	0.009	0.00900001	1.33756e-08	0.00900001	1.23504e-09
9	0.5	0.01	0.01	1.3317e-08	0.01	1.29698e-09
10	1	0.011	0.011	1.32577e-08	0.011	1.29686e-09
11	1.1	0.012	0.012	1.32488e-08	0.012	1.29848e-09
12	1.2	0.013	0.013	1.32407e-08	0.013	1.2964e-09
13	1.3	0.014	0.014	1.3233e-08	0.014	1.29408e-09
14	1.4	0.015	0.015	1.32256e-08	0.015	1.29144e-09
15	1.5	0.016	0.016	1.32176e-08	0.016	1.28779e-09
3e-09	3e-08	2000	4000	2000	1.5e-12	10
1	0.003	0.001	0.00100002	2.21726e-08	0	0.00100002
2	0.005	0.002	0.00200002	1.83565e-08	0.00100002	0.000999996
3	0.01	0.003	0.00300002	1.54128e-08	0.00200002	0.000999997
4	0.015	0.004	0.00400001	1.4533e-08	0.00400001	1.443e-10
5	0.02	0.005	0.00500001	1.44733e-08	0.00500001	5.65778e-10
6	0.03	0.006	0.00600001	1.44355e-08	0.00600001	9.54476e-10
7	0.05	0.007	0.00700001	1.43977e-08	0.00700001	1.24821e-09
8	0.1	0.008	0.00800001	1.43469e-08	0.00800001	1.47163e-09
9	0.2	0.009	0.00900001	1.42925e-08	0.00900001	1.57079e-09
10	0.5	0.01	0.01	1.42015e-08	0.01	1.59972e-09
11	1	0.011	0.011	1.41167e-08	0.011	1.57526e-09
12	1.1	0.012	0.012	1.41049e-08	0.012	1.57411e-09
13	1.2	0.013	0.013	1.40943e-08	0.013	1.56972e-09
14	1.3	0.014	0.014	1.40848e-08	0.014	1.56569e-09
15	1.4	0.015	0.015	1.40761e-08	0.015	1.56195e-09
16	1.5	0.016	0.016	1.40681e-08	0.016	1.55837e-09
3e-09	3e-08	2000	4000	2000	1.5e-12	10
1	0.003	0.001	0.00100002	2.19187e-08	0	0.00100002
2	0.005	0.002	0.00200002	1.80488e-08	0.00100002	0.000999996
3	0.01	0.003	0.00300002	1.51313e-08	0.00200002	0.000999997
4	0.015	0.004	0.00400001	1.44019e-08	0.00400001	2.42626e-10
5	0.02	0.005	0.00500001	1.4361e-08	0.00500001	6.41141e-10
6	0.03	0.006	0.00600001	1.43296e-08	0.00600001	9.99058e-10
7	0.05	0.007	0.00700001	1.42933e-08	0.00700001	1.27399e-09
8	0.1	0.008	0.00800001	1.42399e-08	0.00800001	1.47882e-09
9	0.2	0.009	0.00900001	1.41821e-08	0.00900001	1.56591e-09
10	0.5	0.01	0.01	1.40867e-08	0.01	1.58454e-09
11	1	0.011	0.011	1.40022e-08	0.011	1.55765e-09
12	1.1	0.012	0.012	1.39908e-08	0.012	1.55683e-09
13	1.2	0.013	0.013	1.39806e-08	0.013	1.55069e-09
14	1.3	0.014	0.014	1.39714e-08	0.014	1.54666e-09
15	1.4	0.015	0.015	1.39627e-08	0.015	1.54272e-09
16	1.5	0.016	0.016	1.39541e-08	0.016	1.53837e-09
3e-09	3e-08	2000	4000	2000	1.5e-12	10
1	0.003	0.001	0.00100003	2.59898e-08	0	0.00100003
2	0.005	0.002	0.00200002	1.79165e-08	0.00100003	0.000999992
3	0.01	0.003	0.00300001	1.42045e-08	0.00200002	0.000999996
4	0.015	0.004	0.00400001	1.30598e-08	0.00400001	8.14037e-11
5	0.02	0.005	0.00500001	1.29892e-08	0.00500001	6.02286e-10
6	0.03	0.006	0.00600001	1.29344e-08	0.00600001	1.06724e-09
7	0.05	0.007	0.00700001	1.28987e-08	0.00700001	1.40093e-09
8	0.1	0.008	0.00800001	1.2873e-08	0.00800001	1.65857e-09
9	0.2	0.009	0.00900001	1.28453e-08	0.00900001	1.78218e-09
10	0.5	0.01	0.01	1.27914e-08	0.01	1.84153e-09
11	1	0.011	0.011	1.27333e-08	0.011	1.83938e-09
12	1.1	0.012	0.012	1.27245e-08	0.012	1.841e-09
13	1.2	0.013	0.013	1.27162e-08	0.013	1.83839e-09
14	1.3	0.014	0.014	1.27079e-08	0.014	1.83519e-09
15	1.4	0.015	0.015	1.26987e-08	0.015	1.83055e-09
16	1.5	0.016	0.016	1.26868e-08	0.016	1.82282e-09
3e-09	3e-08	2000	4000	2000	1.5e-12	10
1	0.005	0.002	0.00200002	2.44338e-08	0	0.00200002
2	0.01	0.003	0.00300002	1.74548e-08	0.00200002	0.000999993
3	0.015	0.004	0.00400002	1.56953e-08	0.00300002	0.000999998
4	0.02	0.005	0.00500001	1.4896e-08	0.00400002	0.000999999
5	0.03	0.006	0.00600001	1.4232e-08	0.00500001	0.000999999
6	0.05	0.007	0.00700001	1.38159e-08	0.00700001	7.38271e-13
7	0.1	0.008	0.00800001	1.37308e-08	0.00800001	2.2131e-10
8	0.2	0.009	0.00900001	1.36863e-08	0.00900001	3.33958e-10
9	0.5	0.01	0.01	1.36256e-08	0.01	3.91058e-10
10	1	0.011	0.011	1.35675e-08	0.011	3.90463e-10
11	1.1	0.012	0.012	1.35586e-08	0.012	3.91998e-10
12	1.2	0.013	0.013	1.35505e-08	0.013	3.89728e-10
13	1.3	0.014	0.014	1.35429e-08	0.014	3.87401e-10
14	1.4	0.015	0.015	1.3536e-08	0.015	3.85115e-10
15	1.5	0.016	0.016	1.35295e-08	0.016	3.82875e-10
3e-09	3e-08	2000	4000	2000	1.5e-12	10
1	0.003	0.001	0.00100002	1.87673e-08	0.00100002	6.60931e-13
2	0.005	0.002	0.00200002	1.55854e-08	0.00200002	6.57643e-13
3	0.01	0.003	0.00300001	1.30783e-08	0.00300001	8.55629e-13
4	0.015	0.004	0.00400001	1.26777e-08	0.00400001	4.52492e-10
5	0.02	0.005	0.00500001	1.26481e-08	0.00500001	8.07501e-10
6	0.03	0.006	0.00600001	1.26269e-08	0.00600001	1.13462e-09
7	0.05	0.007	0.00700001	1.26063e-08	0.00700001	1.39641e-09
8	0.1	0.008	0.00800001	1.25693e-08	0.00800001	1.59388e-09
9	0.2	0.009	0.00900001	1.25244e-08	0.00900001	1.68041e-09
10	0.5	0.01	0.01	1.2446e-08	0.01	1.70405e-09
11	1	0.011	0.011	1.23795e-08	0.011	1.68886e-09
12	1.1	0.012	0.012	1.23701e-08	0.012	1.68993e-09
13	1.2	0.013	0.013	1.23614e-08	0.013	1.68653e-09
14	1.3	0.014	0.014	1.23525e-08	0.014	1.68241e-09
15	1.4	0.015	0.015	1.23425e-08	0.015	1.67671e-09
16	1.5	0.016	0.016	1.23297e-08	0.016	1.66776e-09
3e-09	3e-08	2000	4000	2000	1.5e-12	10
1	0.003	0.001	0.00100002	2.27841e-08	0	0.00100002
2	0.005	0.002	0.00200002	1.83813e-08	0.00100002	0.000999996
3	0.01	0.003	0.00300002	1.5191e-08	0.00200002	0.000999997
4	0.015	0.004	0.00400001	1.46446e-08	0.00400001	5.72163e-10
5	0.02	0.005	0.00500001	1.4597e-08	0.00500001	1.0663e-09
6	0.03	0.006	0.00600001	1.45538e-08	0.00600001	1.50071e-09
7	0.05	0.007	0.00700001	1.45203e-08	0.00700001	1.82301e-09
8	0.1	0.008	0.00800001	1.4476e-08	0.00800001	2.06571e-09
9	0.2	0.009	0.00900001	1.4429e-08	0.00900001	2.17685e-09
10	0.5	0.01	0.01	1.43495e-08	0.01	2.21857e-09
11	1	0.011	0.011	1.42717e-08	0.011	2.20114e-09
12	1.1	0.012	0.012	1.42607e-08	0.012	2.20075e-09
13	1.2	0.013	0.013	1.42506e-08	0.013	2.19686e-09
14	1.3	0.014	0.014	1.42411e-08	0.014	2.19278e-09
15	1.4	0.015	0.015	1.42313e-08	0.015	2.18794e-09
16	1.5	0.016	0.016	1.42202e-08	0.016	2.18129e-09
3e-09	3e-08	2000	4000	2000	1.5e-12	10
1	0.005	0.002	0.00200003	2.87451e-08	0	0.00200003
2	0.01	0.003	0.00300002	1.85884e-08	0.00200003	0.00099999
3	0.015	0.004	0.00400002	1.65163e-08	0.00300002	0.000999998
4	0.02	0.005	0.00500002	1.55744e-08	0.00400002	0.000999999
5	0.03	0.006	0.00600001	1.47893e-08	0.00500002	0.000999999
6	0.05	0.007	0.00700001	1.43013e-08	0.00600001	0.001
7	0.1	0.008	0.00800001	1.39635e-08	0.00700001	0.001
8	0.2	0.009	0.00900001	1.37942e-08	0.00800001	0.001
9	0.5	0.01	0.01	1.3669e-08	0.00900001	0.001
10	1	0.011	0.011	1.36086e-08	0.01	0.001
11	1.1	0.012	0.012	1.3598e-08	0.011	0.001
12	1.2	0.013	0.013	1.35919e-08	0.012	0.001
13	1.3	0.014	0.014	1.35866e-08	0.013	0.001
14	1.4	0.015	0.015	1.35818e-08	0.014	0.001
15	1.5	0.016	0.016	1.35774e-08	0.015	0.001
3e-09	3e-08	2000	4000	2000	1.5e-12	10
1	0.003	0.001	0.00100002	1.96465e-08	0	0.00100002
2	0.005	0.002	0.00200002	1.65913e-08	0.00100002	0.000999997
3	0.01	0.003	0.00300001	1.41276e-08	0.00300001	3.03277e-11
4	0.015	0.004	0.00400001	1.40167e-08	0.00400001	8.05674e-10
5	0.02	0.005	0.00500001	1.39814e-08	0.00500001	1.18203e-09
6	0.03	0.006	0.00600001	1.39494e-08	0.00600001	1.52685e-09
7	0.05	0.007	0.00700001	1.39145e-08	0.00700001	1.7971e-09
8	0.1	0.008	0.00800001	1.38657e-08	0.00800001	2.00519e-09
9	0.2	0.009	0.00900001	1.3812e-08	0.00900001	2.09709e-09
10	0.5	0.01	0.01	1.37185e-08	0.01	2.11541e-09
11	1	0.011	0.011	1.36318e-08	0.011	2.08623e-09
12	1.1	0.012	0.012	1.362e-08	0.012	2.085e-09
13	1.2	0.013	0.013	1.36095e-08	0.013	2.0804e-09
14	1.3	0.014	0.014	1.36e-08	0.014	2.07612e-09
15	1.4	0.015	0.015	1.35912e-08	0.015	2.07202e-09
16	1.5	0.016	0.016	1.35826e-08	0.016	2.0677e-09
3e-09	3e-08	2000	4000	2000	1.5e-12	10
1	0.005	0.002	0.00200002	1.94681e-08	0	0.00200002
2	0.01	0.003	0.00300001	1.49821e-08	0.00200002	0.000999996
3	0.015	0.004	0.00400001	1.35819e-08	0.00300001	0.000999999
4	0.02	0.005	0.00500001	1.29159e-08	0.00400001	0.000999999
5	0.03	0.006	0.00600001	1.26572e-08	0.00600001	2.99016e-10
6	0.05	0.007	0.00700001	1.26143e-08	0.00700001	6.44011e-10
7	0.1	0.008	0.00800001	1.25853e-08	0.00800001	9.03528e-10
8	0.2	0.009	0.00900001	1.25538e-08	0.00900001	1.02288e-09
9	0.5	0.01	0.01	1.25036e-08	0.01	1.08436e-09
10	1	0.011	0.011	1.24544e-08	0.011	1.08982e-09
11	1.1	0.012	0.012	1.24468e-08	0.012	1.09258e-09
12	1.2	0.013	0.013	1.24398e-08	0.013	1.09114e-09
13	1.3	0.014	0.014	1.24333e-08	0.014	1.08963e-09
14	1.4	0.015	0.015	1.24271e-08	0.015	1.08794e-09
15	1.5	0.016	0.016	1.24213e-08	0.016	1.08611e-09
3e-09	3e-08	2000	4000	2000	1.5e-12	10
1	0.003	0.001	0.00100002	1.8295e-08	0	0.00100002
2	0.005	0.002	0.00200002	1.55062e-08	0.00100002	0.000999997
3	0.01	0.003	0.00300001	1.36058e-08	0.00300001	3.88477e-10
4	0.015	0.004	0.00400001	1.35394e-08	0.00400001	1.11622e-09
5	0.02	0.005	0.00500001	1.35082e-08	0.00500001	1.44668e-09
6	0.03	0.006	0.00600001	1.34805e-08	0.00600001	1.75326e-09
7	0.05	0.007	0.00700001	1.34496e-08	0.00700001	1.99822e-09
8	0.1	0.008	0.00800001	1.34056e-08	0.00800001	2.18698e-09
9	0.2	0.009	0.00900001	1.33577e-08	0.00900001	2.27164e-09
10	0.5	0.01	0.01	1.32714e-08	0.01	2.2893e-09
11	1	0.011	0.011	1.31969e-08	0.011	2.26714e-09
12	1.1	0.012	0.012	1.31864e-08	0.012	2.2671e-09
13	1.2	0.013	0.013	1.31764e-08	0.013	2.26261e-09
14	1.3	0.014	0.014	1.31661e-08	0.014	2.25716e-09
15	1.4	0.015	0.015	1.31543e-08	0.015	2.24967e-09
16	1.5	0.016	0.016	1.31389e-08	0.016	2.23823e-09
3e-09	3e-08	2000	4000	2000	1.5e-12	10
1	0.005	0.002	0.00200003	2.62478e-08	0	0.00200003
2	0.01	0.003	0.00300002	1.80062e-08	0.00200003	0.000999992
3	0.015	0.004	0.00400002	1.60225e-08	0.00300002	0.000999998
4	0.02	0.005	0.00500002	1.50864e-08	0.00400002	0.000999999
5	0.03	0.006	0.00600001	1.42778e-08	0.00500002	0.000999999
6	0.05	0.007	0.00700001	1.37743e-08	0.00700001	2.15071e-12
7	0.1	0.008	0.00800001	1.36429e-08	0.00800001	2.26751e-10
8	0.2	0.009	0.00900001	1.36034e-08	0.00900001	3.67619e-10
9	0.5	0.01	0.01	1.35444e-08	0.01	4.40257e-10
10	1	0.011	0.011	1.34846e-08	0.011	4.44206e-10
11	1.1	0.012	0.012	1.34754e-08	0.012	4.45701e-10
12	1.2	0.013	0.013	1.3467e-08	0.013	4.43717e-10
13	1.3	0.014	0.014	1.34592e-08	0.014	4.41618e-10
14	1.4	0.015	0.015	1.3452e-08	0.015	4.39508e-10
15	1.5	0.016	0.016	1.34453e-08	0.016	4.37421e-10
3e-09	3e-08	2000	4000	2000	1.5e-12	10
1	0.003	0.001	0.00100002	1.8323e-08	0	0.00100002
2	0.005	0.002	0.00200002	1.53181e-08	0.00100002	0.000999997
3	0.01	0.003	0.00300001	1.31595e-08	0.00300001	2.45645e-10
4	0.015	0.004	0.00400001	1.30934e-08	0.00400001	1.0211e-09
5	0.02	0.005	0.00500001	1.30605e-08	0.00500001	1.37559e-09
6	0.03	0.006	0.00600001	1.30345e-08	0.00600001	1.70168e-09
7	0.05	0.007	0.00700001	1.30148e-08	0.00700001	1.96405e-09
8	0.1	0.008	0.00800001	1.2984e-08	0.00800001	2.16702e-09
9	0.2	0.009	0.00900001	1.29461e-08	0.00900001	2.26035e-09
10	0.5	0.01	0.01	1.2873e-08	0.01	2.2885e-09
11	1	0.011	0.011	1.2806e-08	0.011	2.27244e-09
12	1.1	0.012	0.012	1.27962e-08	0.012	2.27298e-09
13	1.2	0.013	0.013	1.27868e-08	0.013	2.26893e-09
14	1.3	0.014	0.014	1.27773e-08	0.014	2.26416e-09
15	1.4	0.015	0.015	1.27666e-08	0.015	2.25765e-09
16	1.5	0.016	0.016	1.27522e-08	0.016	2.24717e-09
3e-09	3e-08	2000	4000	2000	1.5e-12	10
1	0.01	0.003	0.00300002	1.89214e-08	0	0.00300002
2	0.015	0.004	0.00400002	1.65711e-08	0.00300002	0.000999998
3	0.02	0.005	0.00500002	1.55011e-08	0.00400002	0.000999999
4	0.03	0.006	0.00600001	1.45872e-08	0.00500002	0.000999999
5	0.05	0.007	0.00700001	1.40327e-08	0.00600001	0.000999999
6	0.1	0.008	0.00800001	1.36685e-08	0.00700001	0.001
7	0.2	0.009	0.00900001	1.34901e-08	0.00800001	0.001
8	0.5	0.01	0.01	1.33618e-08	0.00900001	0.001
9	1	0.011	0.011	1.33005e-08	0.01	0.001
10	1.1	0.012	0.012	1.32899e-08	0.011	0.001
11	1.2	0.013	0.013	1.32837e-08	0.012	0.001
12	1.3	0.014	0.014	1.32783e-08	0.013	0.001
13	1.4	0.015	0.015	1.32733e-08	0.014	0.001
14	1.5	0.016	0.016	1.32689e-08	0.015	0.001
3e-09	3e-08	2000	4000	2000	1.5e-12	10
1	0.005	0.002	0.00200002	2.06267e-08	0	0.00200002
2	0.01	0.003	0.00300002	1.54901e-08	0.00200002	0.000999995
3	0.015	0.004	0.00400001	1.39484e-08	0.00300002	0.000999998
4	0.02	0.005	0.00500001	1.3204e-08	0.00400001	0.000999999
5	0.03	0.006	0.00600001	1.26088e-08	0.00600001	5.04458e-11
6	0.05	0.007	0.00700001	1.2537e-08	0.00700001	4.17894e-10
7	0.1	0.008	0.00800001	1.25029e-08	0.00800001	7.01568e-10
8	0.2	0.009	0.00900001	1.24695e-08	0.00900001	8.32736e-10
9	0.5	0.01	0.01	1.24156e-08	0.01	9.00319e-10
10	1	0.011	0.011	1.23619e-08	0.011	9.0563e-10
11	1.1	0.012	0.012	1.23535e-08	0.012	9.07776e-10
12	1.2	0.013	0.013	1.23459e-08	0.013	9.0611e-10
13	1.3	0.014	0.014	1.23387e-08	0.014	9.04261e-10
14	1.4	0.015	0.015	1.23321e-08	0.015	9.02426e-10
15	1.5	0.016	0.016	1.2326e-08	0.016	9.00585e-10
3e-09	3e-08	2000	4000	2000	1.5e-12	10
1	0.003	0.001	0.00100002	2.36938e-08	0	0.00100002
2	0.005	0.002	0.00200002	1.92952e-08	0.00100002	0.000999996
3	0.01	0.003	0.00300002	1.61136e-08	0.00200002	0.000999997
4	0.015	0.004	0.00400002	1.52313e-08	0.00400002	1.67151e-10
5	0.02	0.005	0.00500002	1.51791e-08	0.00500001	5.88994e-10
6	0.03	0.006	0.00600002	1.51415e-08	0.00600001	9.64173e-10
7	0.05	0.007	0.00700002	1.50992e-08	0.00700001	1.24384e-09
8	0.1	0.008	0.00800002	1.50408e-08	0.00800001	1.44785e-09
9	0.2	0.009	0.00900001	1.49813e-08	0.00900001	1.53525e-09
10	0.5	0.01	0.01	1.48854e-08	0.01	1.55569e-09
11	1	0.011	0.011	1.47979e-08	0.011	1.52696e-09
12	1.1	0.012	0.012	1.47859e-08	0.012	1.52564e-09
13	1.2	0.013	0.013	1.47753e-08	0.013	1.52105e-09
14	1.3	0.014	0.014	1.47657e-08	0.014	1.51683e-09
15	1.4	0.015	0.015	1.47569e-08	0.015	1.51287e-09
16	1.5	0.016	0.016	1.47486e-08	0.016	1.50892e-09
3e-09	3e-08	2000	4000	2000	1.5e-12	10
1	0.003	0.001	0.00100002	1.74439e-08	0	0.00100002
2	0.005	0.002	0.00200002	1.51044e-08	0.00100002	0.000999998
3	0.01	0.003	0.00300001	1.37258e-08	0.00300001	6.35648e-10
4	0.015	0.004	0.00400001	1.36645e-08	0.00400001	1.28548e-09
5	0.02	0.005	0.00500001	1.36367e-08	0.00500001	1.58675e-09
6	0.03	0.006	0.00600001	1.36124e-08	0.00600001	1.87544e-09
7	0.05	0.007	0.00700001	1.35877e-08	0.00700001	2.1168e-09
8	0.1	0.008	0.00800001	1.3553e-08	0.00800001	2.31009e-09
9	0.2	0.009	0.00900001	1.35091e-08	0.00900001	2.39627e-09
10	0.5	0.01	0.01	1.34239e-08	0.01	2.41236e-09
11	1	0.011	0.011	1.3344e-08	0.011	2.38397e-09
12	1.1	0.012	0.012	1.33334e-08	0.012	2.38373e-09
13	1.2	0.013	0.013	1.33239e-08	0.013	2.37957e-09
14	1.3	0.014	0.014	1.3315e-08	0.014	2.37544e-09
15	1.4	0.015	0.015	1.3306e-08	0.015	2.37079e-09
16	1.5	0.016	0.016	1.32959e-08	0.016	2.36455e-09
3e-09	3e-08	2000	4000	2000	1.5e-12	10
1	0.005	0.002	0.00200002	2.20736e-08	0	0.00200002
2	0.01	0.003	0.00300002	1.6806e-08	0.00200002	0.000999995
3	0.015	0.004	0.00400002	1.52376e-08	0.00300002	0.000999998
4	0.02	0.005	0.00500001	1.45178e-08	0.00400002	0.000999999
5	0.03	0.006	0.00600001	1.39265e-08	0.00600001	4.33205e-12
6	0.05	0.007	0.00700001	1.37973e-08	0.00700001	2.80247e-10
7	0.1	0.008	0.00800001	1.37492e-08	0.00800001	5.40032e-10
8	0.2	0.009	0.00900001	1.37034e-08	0.00900001	6.55719e-10
9	0.5	0.01	0.01	1.36314e-08	0.01	7.06463e-10
10	1	0.011	0.011	1.35615e-08	0.011	6.97188e-10
11	1.1	0.012	0.012	1.35512e-08	0.012	6.9752e-10
12	1.2	0.013	0.013	1.35418e-08	0.013	6.94355e-10
13	1.3	0.014	0.014	1.35332e-08	0.014	6.91194e-10
14	1.4	0.015	0.015	1.35252e-08	0.015	6.88081e-10
15	1.5	0.016	0.016	1.35175e-08	0.016	6.84822e-10
3e-09	3e-08	2000	4000	2000	1.5e-12	10
1	0.003	0.001	0.00100003	2.83056e-08	0	0.00100003
2	0.005	0.002	0.00200002	1.90882e-08	0.00100003	0.000999991
3	0.01	0.003	0.00300002	1.51061e-08	0.00200002	0.000999996
4	0.015	0.004	0.00400001	1.38108e-08	0.00300002	0.000999999
5	0.02	0.005	0.00500001	1.31965e-08	0.00400001	0.000999999
6	0.03	0.006	0.00600001	1.28965e-08	0.00600001	2.05299e-10
7	0.05	0.007	0.00700001	1.28559e-08	0.00700001	5.37676e-10
8	0.1	0.008	0.00800001	1.28197e-08	0.00800001	7.88506e-10
9	0.2	0.009	0.00900001	1.27821e-08	0.00900001	9.03274e-10
10	0.5	0.01	0.01	1.27204e-08	0.01	9.56137e-10
11	1	0.011	0.011	1.26581e-08	0.011	9.50304e-10
12	1.1	0.012	0.012	1.26486e-08	0.012	9.51351e-10
13	1.2	0.013	0.013	1.26401e-08	0.013	9.4859e-10
14	1.3	0.014	0.014	1.26322e-08	0.014	9.4585e-10
15	1.4	0.015	0.015	1.2625e-08	0.015	9.43215e-10
16	1.5	0.016	0.016	1.26183e-08	0.016	9.40697e-10
3e-09	3e-08	2000	4000	2000	1.5e-12	10
1	0.003	0.001	0.00100002	1.94638e-08	0	0.00100002
2	0.005	0.002	0.00200002	1.65871e-08	0.00100002	0.000999997
3	0.01	0.003	0.00300002	1.52244e-08	0.00300001	1.04157e-09
4	0.015	0.004	0.00400002	1.51559e-08	0.00400001	1.83442e-09
5	0.02	0.005	0.00500002	1.51245e-08	0.00500001	2.20275e-09
6	0.03	0.006	0.00600002	1.50958e-08	0.00600001	2.54276e-09
7	0.05	0.007	0.00700002	1.50601e-08	0.00700001	2.80948e-09
8	0.1	0.008	0.00800002	1.50047e-08	0.00800001	3.01e-09
9	0.2	0.009	0.00900001	1.49417e-08	0.00900001	3.09375e-09
10	0.5	0.01	0.01	1.48367e-08	0.01	3.10499e-09
11	1	0.011	0.011	1.47522e-08	0.011	3.07727e-09
12	1.1	0.012	0.012	1.47395e-08	0.012	3.07515e-09
13	1.2	0.013	0.013	1.47257e-08	0.013	3.06735e-09
14	1.3	0.014	0.014	1.47087e-08	0.014	3.05576e-09
15	1.4	0.015	0.015	1.46861e-08	0.015	3.03809e-09
16	1.5	0.016	0.016	1.46591e-08	0.016	3.01547e-09
3e-09	3e-08	2000	4000	2000	1.5e-12	10
1	0.005	0.002	0.00200002	2.13624e-08	0	0.00200002
2	0.01	0.003	0.00300002	1.5604e-08	0.00200002	0.000999994
3	0.015	0.004	0.00400001	1.39721e-08	0.00300002	0.000999998
4	0.02	0.005	0.00500001	1.3193e-08	0.00400001	0.000999999
5	0.03	0.006	0.00600001	1.25766e-08	0.00600001	5.91422e-11
6	0.05	0.007	0.00700001	1.25114e-08	0.00700001	4.37921e-10
7	0.1	0.008	0.00800001	1.24824e-08	0.00800001	7.22654e-10
8	0.2	0.009	0.00900001	1.24546e-08	0.00900001	8.54857e-10
9	0.5	0.01	0.01	1.24103e-08	0.01	9.26395e-10
10	1	0.011	0.011	1.23643e-08	0.011	9.35818e-10
11	1.1	0.012	0.012	1.2357e-08	0.012	9.38908e-10
12	1.2	0.013	0.013	1.23504e-08	0.013	9.37899e-10
13	1.3	0.014	0.014	1.23442e-08	0.014	9.36693e-10
14	1.4	0.015	0.015	1.23384e-08	0.015	9.35351e-10
15	1.5	0.016	0.016	1.23328e-08	0.016	9.33795e-10
3e-09	3e-08	2000	4000	2000	1.5e-12	10
1	0.003	0.001	0.00100002	2.38237e-08	0	0.00100002
2	0.005	0.002	0.00200002	1.8778e-08	0.00100002	0.000999995
3	0.01	0.003	0.00300002	1.54192e-08	0.00200002	0.000999997
4	0.015	0.004	0.00400001	1.42854e-08	0.00300002	0.000999999
5	0.02	0.005	0.00500001	1.37708e-08	0.00400001	0.000999999
6	0.03	0.006	0.00600001	1.36169e-08	0.00600001	2.92716e-10
7	0.05	0.007	0.00700001	1.35782e-08	0.00700001	5.95926e-10
8	0.1	0.008	0.00800001	1.3534e-08	0.00800001	8.27753e-10
9	0.2	0.009	0.00900001	1.34867e-08	0.00900001	9.31222e-10
10	0.5	0.01	0.01	1.3404e-08	0.01	9.65477e-10
11	1	0.011	0.011	1.33243e-08	0.011	9.4455e-10
12	1.1	0.012	0.012	1.33128e-08	0.012	9.4364e-10
13	1.2	0.013	0.013	1.33024e-08	0.013	9.3927e-10
14	1.3	0.014	0.014	1.3293e-08	0.014	9.3518e-10
15	1.4	0.015	0.015	1.32843e-08	0.015	9.31323e-10
16	1.5	0.016	0.016	1.32764e-08	0.016	9.27728e-10
3e-09	3e-08	2000	4000	2000	1.5e-12	10
1	0.005	0.002	0.00200002	2.465e-08	0	0.00200002
2	0.01	0.003	0.00300002	1.71572e-08	0.00200002	0.000999992
3	0.015	0.004	0.00400002	1.53307e-08	0.00300002	0.000999998
4	0.02	0.005	0.00500001	1.44721e-08	0.00400002	0.000999999
5	0.03	0.006	0.00600001	1.3728e-08	0.00500001	0.000999999
6	0.05	0.007	0.00700001	1.32586e-08	0.00700001	9.88013e-13
7	0.1	0.008	0.00800001	1.31473e-08	0.00800001	2.22592e-10
8	0.2	0.009	0.00900001	1.31069e-08	0.00900001	3.50936e-10
9	0.5	0.01	0.01	1.30501e-08	0.01	4.17681e-10
10	1	0.011	0.011	1.29954e-08	0.011	4.22779e-10
11	1.1	0.012	0.012	1.29869e-08	0.012	4.24769e-10
12	1.2	0.013	0.013	1.29791e-08	0.013	4.2302e-10
13	1.3	0.014	0.014	1.29718e-08	0.014	4.21114e-10
14	1.4	0.015	0.015	1.2965e-08	0.015	4.19127e-10
15	1.5	0.016	0.016	1.29587e-08	0.016	4.17115e-10
3e-09	3e-08	2000	4000	2000	1.5e-12	10
1	0.003	0.001	0.00100002	2.40339e-08	0	0.00100002
2	0.005	0.002	0.00200002	1.91387e-08	0.00100002	0.000999995
3	0.01	0.003	0.00300002	1.57694e-08	0.00200002	0.000999997
4	0.015	0.004	0.00400002	1.50687e-08	0.00400001	4.05106e-10
5	0.02	0.005	0.00500002	1.50273e-08	0.00500001	8.67064e-10
6	0.03	0.006	0.00600001	1.49937e-08	0.00600001	1.26747e-09
7	0.05	0.007	0.00700001	1.49567e-08	0.00700001	1.56573e-09
8	0.1	0.008	0.00800001	1.49023e-08	0.00800001	1.78602e-09
9	0.2	0.009	0.00900001	1.48445e-08	0.00900001	1.88043e-09
10	0.5	0.01	0.01	1.47468e-08	0.01	1.90261e-09
11	1	0.011	0.011	1.46592e-08	0.011	1.87548e-09
12	1.1	0.012	0.012	1.46471e-08	0.012	1.87407e-09
13	1.2	0.013	0.013	1.46357e-08	0.013	1.86886e-09
14	1.3	0.014	0.014	1.4624e-08	0.014	1.86266e-09
15	1.4	0.015	0.015	1.46104e-08	0.015	1.85211e-09
16	1.5	0.016	0.016	1.45926e-08	0.016	1.83881e-09
3e-09	3e-08	2000	4000	2000	1.5e-12	10
1	0.003	0.001	0.00100002	2.23813e-08	0	0.00100002
2	0.005	0.002	0.00200002	1.82461e-08	0.00100002	0.000999996
3	0.01	0.003	0.00300002	1.51931e-08	0.00200002	0.000999997
4	0.015	0.004	0.00400001	1.4513e-08	0.00400001	3.63104e-10
5	0.02	0.005	0.00500001	1.44699e-08	0.00500001	8.06968e-10
6	0.03	0.006	0.00600001	1.4434e-08	0.00600001	1.19872e-09
7	0.05	0.007	0.00700001	1.43971e-08	0.00700001	1.4906e-09
8	0.1	0.008	0.00800001	1.43424e-08	0.00800001	1.70295e-09
9	0.2	0.009	0.00900001	1.42843e-08	0.00900001	1.79366e-09
10	0.5	0.01	0.01	1.41933e-08	0.01	1.81937e-09
11	1	0.011	0.011	1.41127e-08	0.011	1.79759e-09
12	1.1	0.012	0.012	1.41017e-08	0.012	1.79719e-09
13	1.2	0.013	0.013	1.40918e-08	0.013	1.79333e-09
14	1.3	0.014	0.014	1.40827e-08	0.014	1.78962e-09
15	1.4	0.015	0.015	1.40741e-08	0.015	1.78584e-09
16	1.5	0.016	0.016	1.40653e-08	0.016	1.7814e-09
3e-09	3e-08	2000	4000	2000	1.5e-12	10
1	0.003	0.001	0.00100002	2.1343e-08	0	0.00100002
2	0.005	0.002	0.00200002	1.72966e-08	0.00100002	0.000999996
3	0.01	0.003	0.00300001	1.44457e-08	0.00200002	0.000999997
4	0.015	0.004	0.00400001	1.35516e-08	0.00300001	0.000999999
5	0.02	0.005	0.00500001	1.33359e-08	0.00500001	1.41843e-10
6	0.03	0.006	0.00600001	1.32965e-08	0.00600001	4.43856e-10
7	0.05	0.007	0.00700001	1.32604e-08	0.00700001	6.9212e-10
8	0.1	0.008	0.00800001	1.32124e-08	0.00800001	8.78456e-10
9	0.2	0.009	0.00900001	1.31601e-08	0.00900001	9.5687e-10
10	0.5	0.01	0.01	1.30645e-08	0.01	9.6529e-10
11	1	0.011	0.011	1.29803e-08	0.011	9.34072e-10
12	1.1	0.012	0.012	1.29691e-08	0.012	9.33359e-10
13	1.2	0.013	0.013	1.29589e-08	0.013	9.28645e-10
14	1.3	0.014	0.014	1.2949e-08	0.014	9.23613e-10
15	1.4	0.015	0.015	1.29384e-08	0.015	9.17506e-10
16	1.5	0.016	0.016	1.2926e-08	0.016	9.09103e-10
3e-09	3e-08	2000	4000	2000	1.5e-12	10
1	0.003	0.001	0.00100002	2.13621e-08	0	0.00100002
2	0.005	0.002	0.00200002	1.7029e-08	0.00100002	0.000999996
3	0.01	0.003	0.00300001	1.40105e-08	0.00200002	0.000999997
4	0.015	0.004	0.00400001	1.329e-08	0.00400001	2.88001e-10
5	0.02	0.005	0.00500001	1.3247e-08	0.00500001	7.04215e-10
6	0.03	0.006	0.00600001	1.32139e-08	0.00600001	1.07583e-09
7	0.05	0.007	0.00700001	1.3186e-08	0.00700001	1.36626e-09
8	0.1	0.008	0.00800001	1.31396e-08	0.00800001	1.58361e-09
9	0.2	0.009	0.00900001	1.30838e-08	0.00900001	1.67583e-09
10	0.5	0.01	0.01	1.29943e-08	0.01	1.70131e-09
11	1	0.011	0.011	1.29231e-08	0.011	1.68778e-09
12	1.1	0.012	0.012	1.29133e-08	0.012	1.68859e-09
13	1.2	0.013	0.013	1.29043e-08	0.013	1.68553e-09
14	1.3	0.014	0.014	1.28957e-08	0.014	1.68216e-09
15	1.4	0.015	0.015	1.28867e-08	0.015	1.67792e-09
16	1.5	0.016	0.016	1.28766e-08	0.016	1.67205e-09
3e-09	3e-08	2000	4000	2000	1.5e-12	10
1	0.003	0.001	0.00100003	3.05879e-08	0	0.00100003
2	0.005	0.002	0.00200002	1.92082e-08	0.00100003	0.000999989
3	0.01	0.003	0.00300002	1.51329e-08	0.00200002	0.000999996
4	0.015	0.004	0.00400001	1.38226e-08	0.00300002	0.000999999
5	0.02	0.005	0.00500001	1.32119e-08	0.00400001	0.000999999
6	0.03	0.006	0.00600001	1.29956e-08	0.00600001	3.078e-10
7	0.05	0.007	0.00700001	1.29611e-08	0.00700001	6.38441e-10
8	0.1	0.008	0.00800001	1.29304e-08	0.00800001	8.80853e-10
9	0.2	0.009	0.00900001	1.28982e-08	0.00900001	9.92429e-10
10	0.5	0.01	0.01	1.28456e-08	0.01	1.04805e-09
11	1	0.011	0.011	1.27913e-08	0.011	1.04681e-09
12	1.1	0.012	0.012	1.27829e-08	0.012	1.04878e-09
13	1.2	0.013	0.013	1.27752e-08	0.013	1.04656e-09
14	1.3	0.014	0.014	1.27681e-08	0.014	1.04429e-09
15	1.4	0.015	0.015	1.27614e-08	0.015	1.04197e-09
16	1.5	0.016	0.016	1.2755e-08	0.016	1.03949e-09
3e-09	3e-08	2000	4000	2000	1.5e-12	10
1	0.005	0.002	0.00200003	2.57895e-08	0	0.00200003
2	0.01	0.003	0.00300002	1.77866e-08	0.00200003	0.000999992
3	0.015	0.004	0.00400002	1.58332e-08	0.00300002	0.000999998
4	0.02	0.005	0.00500001	1.49036e-08	0.00400002	0.000999999
5	0.03	0.006	0.00600001	1.40894e-08	0.00500001	0.000999999
6	0.05	0.007	0.00700001	1.38055e-08	0.00700001	2.22055e-10
7	0.1	0.008	0.00800001	1.37519e-08	0.00800001	5.21016e-10
8	0.2	0.009	0.00900001	1.37096e-08	0.00900001	6.56942e-10
9	0.5	0.01	0.01	1.36472e-08	0.01	7.25001e-10
10	1	0.011	0.011	1.35888e-08	0.011	7.29395e-10
11	1.1	0.012	0.012	1.35798e-08	0.012	7.31092e-10
12	1.2	0.013	0.013	1.35715e-08	0.013	7.29217e-10
13	1.3	0.014	0.014	1.3564e-08	0.014	7.27239e-10
14	1.4	0.015	0.015	1.35569e-08	0.015	7.25203e-10
15	1.5	0.016	0.016	1.35503e-08	0.016	7.23096e-10
3e-09	3e-08	2000	4000	2000	1.5e-12	10
1	0.003	0.001	0.00100003	2.99805e-08	0	0.00100003
2	0.005	0.002	0.00200002	1.98108e-08	0.00100003	0.00099999
3	0.01	0.003	0.00300002	1.57442e-08	0.00200002	0.000999996
4	0.015	0.004	0.00400001	1.45013e-08	0.00300002	0.000999999
5	0.02	0.005	0.00500001	1.39616e-08	0.00400001	0.000999999
6	0.03	0.006	0.00600001	1.35043e-08	0.00500001	0.001
7	0.05	0.007	0.00700001	1.32862e-08	0.00700001	9.96775e-11
8	0.1	0.008	0.00800001	1.32373e-08	0.00800001	3.18168e-10
9	0.2	0.009	0.00900001	1.31971e-08	0.00900001	4.20818e-10
10	0.5	0.01	0.01	1.31236e-08	0.01	4.58107e-10
11	1	0.011	0.011	1.30496e-08	0.011	4.39792e-10
12	1.1	0.012	0.012	1.30389e-08	0.012	4.3956e-10
13	1.2	0.013	0.013	1.30294e-08	0.013	4.35746e-10
14	1.3	0.014	0.014	1.30207e-08	0.014	4.3214e-10
15	1.4	0.015	0.015	1.30128e-08	0.015	4.2879e-10
16	1.5	0.016	0.016	1.30054e-08	0.016	4.25523e-10
3e-09	3e-08	2000	4000	2000	1.5e-12	10
1	0.003	0.001	0.00100002	1.97492e-08	0	0.00100002
2	0.005	0.002	0.00200002	1.64691e-08	0.00100002	0.000999997
3	0.01	0.003	0.00300001	1.3893e-08	0.00300001	6.52205e-12
4	0.015	0.004	0.00400001	1.37702e-08	0.00400001	7.64091e-10
5	0.02	0.005	0.00500001	1.37453e-08	0.00500001	1.13331e-09
6	0.03	0.006	0.00600001	1.37218e-08	0.00600001	1.46622e-09
7	0.05	0.007	0.00700001	1.36877e-08	0.00700001	1.72126e-09
8	0.1	0.008	0.00800001	1.36299e-08	0.00800001	1.90458e-09
9	0.2	0.009	0.00900001	1.3564e-08	0.00900001	1.97707e-09
10	0.5	0.01	0.01	1.34637e-08	0.01	1.98596e-09
11	1	0.011	0.011	1.33877e-08	0.011	1.965e-09
12	1.1	0.012	0.012	1.3377e-08	0.012	1.96485e-09
13	1.2	0.013	0.013	1.33667e-08	0.013	1.96025e-09
14	1.3	0.014	0.014	1.33558e-08	0.014	1.95438e-09
15	1.4	0.015	0.015	1.3343e-08	0.015	1.94612e-09
16	1.5	0.016	0.016	1.33268e-08	0.016	1.93407e-09
3e-09	3e-08	2000	4000	2000	1.5e-12	10
1	0.003	0.001	0.00100002	2.03132e-08	0	0.00100002
2	0.005	0.002	0.00200002	1.63079e-08	0.00100002	0.000999996
3	0.01	0.003	0.00300001	1.346e-08	0.00200002	0.000999997
4	0.015	0.004	0.00400001	1.30703e-08	0.00400001	5.85032e-10
5	0.02	0.005	0.00500001	1.30311e-08	0.00500001	1.00181e-09
6	0.03	0.006	0.00600001	1.29962e-08	0.00600001	1.37167e-09
7	0.05	0.007	0.00700001	1.29743e-08	0.00700001	1.65717e-09
8	0.1	0.008	0.00800001	1.29477e-08	0.00800001	1.87673e-09
9	0.2	0.009	0.00900001	1.29184e-08	0.00900001	1.98183e-09
10	0.5	0.01	0.01	1.2864e-08	0.01	2.02943e-09
11	1	0.011	0.011	1.28066e-08	0.011	2.02281e-09
12	1.1	0.012	0.012	1.27981e-08	0.012	2.02466e-09
13	1.2	0.013	0.013	1.27904e-08	0.013	2.02228e-09
14	1.3	0.014	0.014	1.27833e-08	0.014	2.01984e-09
15	1.4	0.015	0.015	1.27766e-08	0.015	2.01736e-09
16	1.5	0.016	0.016	1.27698e-08	0.016	2.01441e-09
3e-09	3e-08	2000	4000	2000	1.5e-12	10
1	0.003	0.001	0.00100002	2.34416e-08	0	0.00100002
2	0.005	0.002	0.00200002	1.85972e-08	0.00100002	0.000999995
3	0.01	0.003	0.00300002	1.51982e-08	0.00200002	0.000999997
4	0.015	0.004	0.00400001	1.44233e-08	0.00400001	4.14795e-10
5	0.02	0.005	0.00500001	1.43725e-08	0.00500001	9.38691e-10
6	0.03	0.006	0.00600001	1.43294e-08	0.00600001	1.39856e-09
7	0.05	0.007	0.00700001	1.42966e-08	0.00700001	1.73583e-09
8	0.1	0.008	0.00800001	1.42474e-08	0.00800001	1.98507e-09
9	0.2	0.009	0.00900001	1.41923e-08	0.00900001	2.09436e-09
10	0.5	0.01	0.01	1.41048e-08	0.01	2.13254e-09
11	1	0.011	0.011	1.40294e-08	0.011	2.11938e-09
12	1.1	0.012	0.012	1.40187e-08	0.012	2.11944e-09
13	1.2	0.013	0.013	1.40088e-08	0.013	2.11586e-09
14	1.3	0.014	0.014	1.39988e-08	0.014	2.11144e-09
15	1.4	0.015	0.015	1.39878e-08	0.015	2.10551e-09
16	1.5	0.016	0.016	1.39745e-08	0.016	2.09681e-09
3e-09	3e-08	2000	4000	2000	1.5e-12	10
1	0.005	0.002	0.00200002	2.12702e-08	0	0.00200002
2	0.01	0.003	0.00300002	1.63265e-08	0.00200002	0.000999995
3	0.015	0.004	0.00400001	1.48242e-08	0.00300002	0.000999998
4	0.02	0.005	0.00500001	1.41227e-08	0.00400001	0.000999999
5	0.03	0.006	0.00600001	1.37806e-08	0.00600001	2.39159e-10
6	0.05	0.007	0.00700001	1.37363e-08	0.00700001	5.95316e-10
7	0.1	0.008	0.00800001	1.37e-08	0.00800001	8.57753e-10
8	0.2	0.009	0.00900001	1.3663e-08	0.00900001	9.7643e-10
9	0.5	0.01	0.01	1.36038e-08	0.01	1.03379e-09
10	1	0.011	0.011	1.35436e-08	0.011	1.03081e-09
11	1.1	0.012	0.012	1.35344e-08	0.012	1.03208e-09
12	1.2	0.013	0.013	1.3526e-08	0.013	1.02953e-09
13	1.3	0.014	0.014	1.35183e-08	0.014	1.02696e-09
14	1.4	0.015	0.015	1.3511e-08	0.015	1.02439e-09
15	1.5	0.016	0.016	1.35042e-08	0.016	1.0217e-09
3e-09	3e-08	2000	4000	2000	1.5e-12	10
1	0.005	0.002	0.00200002	2.17735e-08	0	0.00200002
2	0.01	0.003	0.00300002	1.69934e-08	0.00200002	0.000999995
3	0.015	0.004	0.00400002	1.54802e-08	0.00300002	0.000999998
4	0.02	0.005	0.00500001	1.47706e-08	0.00400002	0.000999999
5	0.03	0.006	0.00600001	1.41743e-08	0.00600001	1.25763e-12
6	0.05	0.007	0.00700001	1.40371e-08	0.00700001	2.7411e-10
7	0.1	0.008	0.00800001	1.39955e-08	0.00800001	5.43168e-10
8	0.2	0.009	0.00900001	1.39587e-08	0.00900001	6.68759e-10
9	0.5	0.01	0.01	1.38922e-08	0.01	7.24331e-10
10	1	0.011	0.011	1.38229e-08	0.011	7.15159e-10
11	1.1	0.012	0.012	1.38125e-08	0.012	7.15362e-10
12	1.2	0.013	0.013	1.3803e-08	0.013	7.12015e-10
13	1.3	0.014	0.014	1.37943e-08	0.014	7.08719e-10
14	1.4	0.015	0.015	1.37862e-08	0.015	7.05482e-10
15	1.5	0.016	0.016	1.37786e-08	0.016	7.02314e-10
3e-09	3e-08	2000	4000	2000	1.5e-12	10
1	0.003	0.001	0.00100002	1.63521e-08	0	0.00100002
2	0.005	0.002	0.00200001	1.41783e-08	0.00100002	0.000999998
3	0.01	0.003	0.00300001	1.29322e-08	0.00300001	6.12457e-10
4	0.015	0.004	0.00400001	1.28853e-08	0.00400001	1.19812e-09
5	0.02	0.005	0.00500001	1.28657e-08	0.00500001	1.46878e-09
6	0.03	0.006	0.00600001	1.28419e-08	0.00600001	1.72807e-09
7	0.05	0.007	0.00700001	1.28096e-08	0.00700001	1.94263e-09
8	0.1	0.008	0.00800001	1.27632e-08	0.00800001	2.11025e-09
9	0.2	0.009	0.00900001	1.27056e-08	0.00900001	2.17777e-09
10	0.5	0.01	0.01	1.26046e-08	0.01	2.17445e-09
11	1	0.011	0.011	1.25241e-08	0.011	2.14477e-09
12	1.1	0.012	0.012	1.25135e-08	0.012	2.14458e-09
13	1.2	0.013	0.013	1.25036e-08	0.013	2.14006e-09
14	1.3	0.014	0.014	1.24942e-08	0.014	2.13539e-09
15	1.4	0.015	0.015	1.24843e-08	0.015	2.12978e-09
16	1.5	0.016	0.016	1.24728e-08	0.016	2.12208e-09
3e-09	3e-08	2000	4000	2000	1.5e-12	10
1	0.003	0.001	0.00100002	2.25919e-08	0	0.00100002
2	0.005	0.002	0.00200002	1.82312e-08	0.00100002	0.000999996
3	0.01	0.003	0.00300002	1.51511e-08	0.00200002	0.000999997
4	0.015	0.004	0.00400001	1.41247e-08	0.00300002	0.000999999
5	0.02	0.005	0.00500001	1.39871e-08	0.00500001	3.19572e-10
6	0.03	0.006	0.00600001	1.39486e-08	0.00600001	6.87781e-10
7	0.05	0.007	0.00700001	1.39113e-08	0.00700001	9.70071e-10
8	0.1	0.008	0.00800001	1.38606e-08	0.00800001	1.18262e-09
9	0.2	0.009	0.00900001	1.38074e-08	0.00900001	1.27595e-09
10	0.5	0.01	0.01	1.37176e-08	0.01	1.3014e-09
11	1	0.011	0.011	1.3633e-08	0.011	1.27517e-09
12	1.1	0.012	0.012	1.36212e-08	0.012	1.27397e-09
13	1.2	0.013	0.013	1.36105e-08	0.013	1.26933e-09
14	1.3	0.014	0.014	1.36009e-08	0.014	1.26505e-09
15	1.4	0.015	0.015	1.35921e-08	0.015	1.26103e-09
16	1.5	0.016	0.016	1.3584e-08	0.016	1.25719e-09
3e-09	3e-08	2000	4000	2000	1.5e-12	10
1	0.005	0.002	0.00200002	2.18892e-08	0	0.00200002
2	0.01	0.003	0.00300002	1.58269e-08	0.00200002	0.000999994
3	0.015	0.004	0.00400001	1.41742e-08	0.00300002	0.000999998
4	0.02	0.005	0.00500001	1.33894e-08	0.00400001	0.000999999
5	0.03	0.006	0.00600001	1.31301e-08	0.00600001	4.07315e-10
6	0.05	0.007	0.00700001	1.3081e-08	0.00700001	8.02863e-10
7	0.1	0.008	0.00800001	1.30516e-08	0.00800001	1.08957e-09
8	0.2	0.009	0.00900001	1.30217e-08	0.00900001	1.22169e-09
9	0.5	0.01	0.01	1.29714e-08	0.01	1.29084e-09
10	1	0.011	0.011	1.29182e-08	0.011	1.29571e-09
11	1.1	0.012	0.012	1.29099e-08	0.012	1.29789e-09
12	1.2	0.013	0.013	1.29023e-08	0.013	1.29615e-09
13	1.3	0.014	0.014	1.28951e-08	0.014	1.2942e-09
14	1.4	0.015	0.015	1.2888e-08	0.015	1.29182e-09
15	1.5	0.016	0.016	1.28805e-08	0.016	1.28856e-09
3e-09	3e-08	2000	4000	2000	1.5e-12	10
1	0.003	0.001	0.00100002	2.48042e-08	0	0.00100002
2	0.005	0.002	0.00200002	1.89383e-08	0.00100002	0.000999994
3	0.01	0.003	0.00300002	1.53645e-08	0.00200002	0.000999996
4	0.015	0.004	0.00400001	1.42614e-08	0.00400001	1.0946e-10
5	0.02	0.005	0.00500001	1.41907e-08	0.00500001	6.10883e-10
6	0.03	0.006	0.00600001	1.41428e-08	0.00600001	1.06015e-09
7	0.05	0.007	0.00700001	1.41069e-08	0.00700001	1.38404e-09
8	0.1	0.008	0.00800001	1.40618e-08	0.00800001	1.62089e-09
9	0.2	0.009	0.00900001	1.40137e-08	0.00900001	1.72585e-09
10	0.5	0.01	0.01	1.39372e-08	0.01	1.7666e-09
11	1	0.011	0.011	1.38636e-08	0.011	1.75112e-09
12	1.1	0.012	0.012	1.38529e-08	0.012	1.75095e-09
13	1.2	0.013	0.013	1.3843e-08	0.013	1.74699e-09
14	1.3	0.014	0.014	1.38334e-08	0.014	1.74271e-09
15	1.4	0.015	0.015	1.38234e-08	0.015	1.73738e-09
16	1.5	0.016	0.016	1.38111e-08	0.016	1.72946e-09
3e-09	3e-08	2000	4000	2000	1.5e-12	10
1	0.003	0.001	0.00100002	2.00966e-08	0	0.00100002
2	0.005	0.002	0.00200002	1.66733e-08	0.00100002	0.000999997
3	0.01	0.003	0.00300001	1.40065e-08	0.00200002	0.000999997
4	0.015	0.004	0.00400001	1.31184e-08	0.00400001	2.48967e-12
5	0.02	0.005	0.00500001	1.30176e-08	0.00500001	3.0199e-10
6	0.03	0.006	0.00600001	1.29883e-08	0.00600001	6.35586e-10
7	0.05	0.007	0.00700001	1.29658e-08	0.00700001	9.09022e-10
8	0.1	0.008	0.00800001	1.2933e-08	0.00800001	1.12381e-09
9	0.2	0.009	0.00900001	1.28912e-08	0.00900001	1.21877e-09
10	0.5	0.01	0.01	1.28121e-08	0.01	1.24544e-09
11	1	0.011	0.011	1.27391e-08	0.011	1.22576e-09
12	1.1	0.012	0.012	1.27293e-08	0.012	1.22634e-09
13	1.2	0.013	0.013	1.27204e-08	0.013	1.223e-09
14	1.3	0.014	0.014	1.27123e-08	0.014	1.2198e-09
15	1.4	0.015	0.015	1.27046e-08	0.015	1.21654e-09
16	1.5	0.016	0.016	1.26969e-08	0.016	1.21277e-09
3e-09	3e-08	2000	4000	2000	1.5e-12	10
1	0.005	0.002	0.00200002	2.27365e-08	0	0.00200002
2	0.01	0.003	0.00300002	1.72098e-08	0.00200002	0.000999994
3	0.015	0.004	0.00400002	1.56129e-08	0.00300002	0.000999998
4	0.02	0.005	0.00500001	1.4875e-08	0.00400002	0.000999999
5	0.03	0.006	0.00600001	1.43643e-08	0.00600001	9.99027e-11
6	0.05	0.007	0.00700001	1.43018e-08	0.00700001	4.54077e-10
7	0.1	0.008	0.00800001	1.42571e-08	0.00800001	7.20222e-10
8	0.2	0.009	0.00900001	1.42123e-08	0.00900001	8.37918e-10
9	0.5	0.01	0.01	1.41403e-08	0.01	8.89023e-10
10	1	0.011	0.011	1.407e-08	0.011	8.79458e-10
11	1.1	0.012	0.012	1.40596e-08	0.012	8.79678e-10
12	1.2	0.013	0.013	1.40501e-08	0.013	8.76415e-10
13	1.3	0.014	0.014	1.40415e-08	0.014	8.73252e-10
14	1.4	0.015	0.015	1.40335e-08	0.015	8.70206e-10
15	1.5	0.016	0.016	1.40262e-08	0.016	8.6731e-10
3e-09	3e-08	2000	4000	2000	1.5e-12	10
1	0.003	0.001	0.00100002	1.87228e-08	0	0.00100002
2	0.005	0.002	0.00200002	1.56988e-08	0.00100002	0.000999997
3	0.01	0.003	0.00300001	1.32329e-08	0.00200002	0.000999998
4	0.015	0.004	0.00400001	1.2985e-08	0.00400001	5.97172e-10
5	0.02	0.005	0.00500001	1.29591e-08	0.00500001	9.6131e-10
6	0.03	0.006	0.00600001	1.29384e-08	0.00600001	1.29392e-09
7	0.05	0.007	0.00700001	1.29126e-08	0.00700001	1.55283e-09
8	0.1	0.008	0.00800001	1.28711e-08	0.00800001	1.74834e-09
9	0.2	0.009	0.00900001	1.28224e-08	0.00900001	1.83509e-09
10	0.5	0.01	0.01	1.27381e-08	0.01	1.8559e-09
11	1	0.011	0.011	1.26678e-08	0.011	1.83841e-09
12	1.1	0.012	0.012	1.26577e-08	0.012	1.83879e-09
13	1.2	0.013	0.013	1.26482e-08	0.013	1.83477e-09
14	1.3	0.014	0.014	1.26388e-08	0.014	1.83017e-09
15	1.4	0.015	0.015	1.26284e-08	0.015	1.82415e-09
16	1.5	0.016	0.016	1.26154e-08	0.016	1.81517e-09
3e-09	3e-08	2000	4000	2000	1.5e-12	10
1	0.005	0.002	0.00200003	2.83287e-08	0	0.00200003
2	0.01	0.003	0.00300002	1.80268e-08	0.00200003	0.00099999
3	0.015	0.004	0.00400002	1.59485e-08	0.00300002	0.000999998
4	0.02	0.005	0.00500001	1.49641e-08	0.00400002	0.000999999
5	0.03	0.006	0.00600001	1.40936e-08	0.00500001	0.000999999
6	0.05	0.007	0.00700001	1.36897e-08	0.00700001	1.29332e-10
7	0.1	0.008	0.00800001	1.36299e-08	0.00800001	4.35537e-10
8	0.2	0.009	0.00900001	1.35998e-08	0.00900001	5.87111e-10
9	0.5	0.01	0.01	1.35522e-08	0.01	6.70334e-10
10	1	0.011	0.011	1.35012e-08	0.011	6.81861e-10
11	1.1	0.012	0.012	1.34931e-08	0.012	6.84399e-10
12	1.2	0.013	0.013	1.34856e-08	0.013	6.83233e-10
13	1.3	0.014	0.014	1.34787e-08	0.014	6.81886e-10
14	1.4	0.015	0.015	1.34723e-08	0.015	6.80473e-10
15	1.5	0.016	0.016	1.34664e-08	0.016	6.79045e-10
3e-09	3e-08	2000	4000	2000	1.5e-12	10
1	0.003	0.001	0.00100002	2.20164e-08	0	0.00100002
2	0.005	0.002	0.00200002	1.80228e-08	0.00100002	0.000999996
3	0.01	0.003	0.00300002	1.5027e-08	0.00200002	0.000999997
4	0.015	0.004	0.00400001	1.4627e-08	0.00400001	6.38995e-10
5	0.02	0.005	0.00500001	1.45876e-08	0.00500001	1.08375e-09
6	0.03	0.006	0.00600001	1.4553e-08	0.00600001	1.47459e-09
7	0.05	0.007	0.00700001	1.45169e-08	0.00700001	1.76531e-09
8	0.1	0.008	0.00800001	1.44613e-08	0.00800001	1.9758e-09
9	0.2	0.009	0.00900001	1.44035e-08	0.00900001	2.0675e-09
10	0.5	0.01	0.01	1.43144e-08	0.01	2.09601e-09
11	1	0.011	0.011	1.42388e-08	0.011	2.07968e-09
12	1.1	0.012	0.012	1.42285e-08	0.012	2.08006e-09
13	1.2	0.013	0.013	1.42192e-08	0.013	2.07684e-09
14	1.3	0.014	0.014	1.42107e-08	0.014	2.0737e-09
15	1.4	0.015	0.015	1.42024e-08	0.015	2.07033e-09
16	1.5	0.016	0.016	1.41939e-08	0.016	2.06618e-09
3e-09	3e-08	2000	4000	2000	1.5e-12	10
1	0.005	0.002	0.00200002	2.20864e-08	0	0.00200002
2	0.01	0.003	0.00300002	1.73118e-08	0.00200002	0.000999995
3	0.015	0.004	0.00400002	1.57748e-08	0.00300002	0.000999998
4	0.02	0.005	0.00500002	1.50455e-08	0.00400002	0.000999999
5	0.03	0.006	0.00600001	1.48682e-08	0.00600001	4.47748e-10
6	0.05	0.007	0.00700001	1.4824e-08	0.00700001	8.31978e-10
7	0.1	0.008	0.00800001	1.47818e-08	0.00800001	1.1097e-09
8	0.2	0.009	0.00900001	1.47379e-08	0.00900001	1.23296e-09
9	0.5	0.01	0.01	1.46663e-08	0.01	1.28687e-09
10	1	0.011	0.011	1.4596e-08	0.011	1.27835e-09
11	1.1	0.012	0.012	1.45856e-08	0.012	1.27862e-09
12	1.2	0.013	0.013	1.45762e-08	0.013	1.27547e-09
13	1.3	0.014	0.014	1.45675e-08	0.014	1.27235e-09
14	1.4	0.015	0.015	1.45595e-08	0.015	1.26934e-09
15	1.5	0.016	0.016	1.45521e-08	0.016	1.26644e-09
3e-09	3e-08	2000	4000	2000	1.5e-12	10
1	0.003	0.001	0.00100002	1.7707e-08	0	0.00100002
2	0.005	0.002	0.00200002	1.52211e-08	0.00100002	0.000999998
3	0.01	0.003	0.00300001	1.37581e-08	0.00300001	5.98974e-10
4	0.015	0.004	0.00400001	1.37072e-08	0.00400001	1.231e-09
5	0.02	0.005	0.00500001	1.36863e-08	0.00500001	1.51851e-09
6	0.03	0.006	0.00600001	1.36615e-08	0.00600001	1.792e-09
7	0.05	0.007	0.00700001	1.36278e-08	0.00700001	2.01784e-09
8	0.1	0.008	0.00800001	1.35756e-08	0.00800001	2.18823e-09
9	0.2	0.009	0.00900001	1.35126e-08	0.00900001	2.2544e-09
10	0.5	0.01	0.01	1.34058e-08	0.01	2.25082e-09
11	1	0.011	0.011	1.33214e-08	0.011	2.21931e-09
12	1.1	0.012	0.012	1.33103e-08	0.012	2.21866e-09
13	1.2	0.013	0.013	1.32998e-08	0.013	2.21374e-09
14	1.3	0.014	0.014	1.32892e-08	0.014	2.20806e-09
15	1.4	0.015	0.015	1.32773e-08	0.015	2.20056e-09
16	1.5	0.016	0.016	1.32619e-08	0.016	2.18922e-09
3e-09	3e-08	2000	4000	2000	1.5e-12	10
1	0.003	0.001	0.00100002	2.07943e-08	0	0.00100002
2	0.005	0.002	0.00200002	1.69326e-08	0.00100002	0.000999996
3	0.01	0.003	0.00300001	1.40026e-08	0.00200002	0.000999997
4	0.015	0.004	0.00400001	1.33142e-08	0.00400001	3.38145e-10
5	0.02	0.005	0.00500001	1.32741e-08	0.00500001	7.82067e-10
6	0.03	0.006	0.00600001	1.32414e-08	0.00600001	1.17501e-09
7	0.05	0.007	0.00700001	1.32132e-08	0.00700001	1.47045e-09
8	0.1	0.008	0.00800001	1.31675e-08	0.00800001	1.68835e-09
9	0.2	0.009	0.00900001	1.31178e-08	0.00900001	1.78528e-09
10	0.5	0.01	0.01	1.30407e-08	0.01	1.8211e-09
11	1	0.011	0.011	1.29753e-08	0.011	1.81186e-09
12	1.1	0.012	0.012	1.29661e-08	0.012	1.81317e-09
13	1.2	0.013	0.013	1.29576e-08	0.013	1.81045e-09
14	1.3	0.014	0.014	1.29494e-08	0.014	1.80738e-09
15	1.4	0.015	0.015	1.29409e-08	0.015	1.80357e-09
16	1.5	0.016	0.016	1.29313e-08	0.016	1.79811e-09
3e-09	3e-08	2000	4000	2000	1.5e-12	10
1	0.003	0.001	0.00100002	2.10331e-08	0	0.00100002
2	0.005	0.002	0.00200002	1.72726e-08	0.00100002	0.000999996
3	0.01	0.003	0.00300001	1.44207e-08	0.00200002	0.000999997
4	0.015	0.004	0.00400001	1.34446e-08	0.00300001	0.000999999
5	0.02	0.005	0.00500001	1.32308e-08	0.00500001	2.1314e-10
6	0.03	0.006	0.00600001	1.31919e-08	0.00600001	5.59839e-10
7	0.05	0.007	0.00700001	1.31643e-08	0.00700001	8.35222e-10
8	0.1	0.008	0.00800001	1.31276e-08	0.00800001	1.04475e-09
9	0.2	0.009	0.00900001	1.30872e-08	0.00900001	1.13986e-09
10	0.5	0.01	0.01	1.30136e-08	0.01	1.16961e-09
11	1	0.011	0.011	1.29411e-08	0.011	1.15002e-09
12	1.1	0.012	0.012	1.29307e-08	0.012	1.15012e-09
13	1.2	0.013	0.013	1.29215e-08	0.013	1.14635e-09
14	1.3	0.014	0.014	1.29131e-08	0.014	1.14288e-09
15	1.4	0.015	0.015	1.29054e-08	0.015	1.13954e-09
16	1.5	0.016	0.016	1.28981e-08	0.016	1.13623e-09
3e-09	3e-08	2000	4000	2000	1.5e-12	10
1	0.005	0.002	0.00200002	2.07994e-08	0	0.00200002
2	0.01	0.003	0.00300002	1.60156e-08	0.00200002	0.000999995
3	0.015	0.004	0.00400001	1.45565e-08	0.00300002	0.000999999
4	0.02	0.005	0.00500001	1.38959e-08	0.00500001	1.5144e-11
5	0.03	0.006	0.00600001	1.37816e-08	0.00600001	4.73841e-10
6	0.05	0.007	0.00700001	1.37423e-08	0.00700001	8.28593e-10
7	0.1	0.008	0.00800001	1.36943e-08	0.00800001	1.07812e-09
8	0.2	0.009	0.00900001	1.36429e-08	0.00900001	1.18544e-09
9	0.5	0.01	0.01	1.35672e-08	0.01	1.23106e-09
10	1	0.011	0.011	1.34971e-08	0.011	1.22073e-09
11	1.1	0.012	0.012	1.34868e-08	0.012	1.22106e-09
12	1.2	0.013	0.013	1.34774e-08	0.013	1.2178e-09
13	1.3	0.014	0.014	1.34688e-08	0.014	1.21459e-09
14	1.4	0.015	0.015	1.34608e-08	0.015	1.21139e-09
15	1.5	0.016	0.016	1.3453e-08	0.016	1.20806e-09
3e-09	3e-08	2000	4000	2000	1.5e-12	10
1	0.005	0.002	0.00200002	2.29459e-08	0	0.00200002
2	0.01	0.003	0.00300002	1.73461e-08	0.00200002	0.000999994
3	0.015	0.004	0.00400002	1.56513e-08	0.00300002	0.000999998
4	0.02	0.005	0.00500001	1.48309e-08	0.00400002	0.000999999
5	0.03	0.006	0.00600001	1.42805e-08	0.00600001	1.42859e-10
6	0.05	0.007	0.00700001	1.42169e-08	0.00700001	5.47391e-10
7	0.1	0.008	0.00800001	1.41737e-08	0.00800001	8.48405e-10
8	0.2	0.009	0.00900001	1.41292e-08	0.00900001	9.8325e-10
9	0.5	0.01	0.01	1.40579e-08	0.01	1.04575e-09
10	1	0.011	0.011	1.39871e-08	0.011	1.04045e-09
11	1.1	0.012	0.012	1.39766e-08	0.012	1.04109e-09
12	1.2	0.013	0.013	1.39671e-08	0.013	1.03791e-09
13	1.3	0.014	0.014	1.39583e-08	0.014	1.03505e-09
14	1.4	0.015	0.015	1.39503e-08	0.015	1.03223e-09
15	1.5	0.016	0.016	1.39428e-08	0.016	1.02948e-09
3e-09	3e-08	2000	4000	2000	1.5e-12	10
1	0.003	0.001	0.00100002	1.84066e-08	0	0.00100002
2	0.005	0.002	0.00200002	1.56149e-08	0.00100002	0.000999997
3	0.01	0.003	0.00300001	1.40714e-08	0.00300001	7.40343e-10
4	0.015	0.004	0.00400001	1.40224e-08	0.00400001	1.47406e-09
5	0.02	0.005	0.00500001	1.40023e-08	0.00500001	1.8062e-09
6	0.03	0.006	0.00600001	1.39824e-08	0.00600001	2.11266e-09
7	0.05	0.007	0.00700001	1.3952e-08	0.00700001	2.35274e-09
8	0.1	0.008	0.00800001	1.39008e-08	0.00800001	2.52898e-09
9	0.2	0.009	0.00900001	1.38379e-08	0.00900001	2.59818e-09
10	0.5	0.01	0.01	1.37401e-08	0.01	2.60496e-09
11	1	0.011	0.011	1.36653e-08	0.011	2.58151e-09
12	1.1	0.012	0.012	1.36539e-08	0.012	2.58053e-09
13	1.2	0.013	0.013	1.36417e-08	0.013	2.57386e-09
14	1.3	0.014	0.014	1.36273e-08	0.014	2.56426e-09
15	1.4	0.015	0.015	1.36101e-08	0.015	2.55154e-09
16	1.5	0.016	0.016	1.35975e-08	0.016	2.54285e-09
3e-09	3e-08	2000	4000	2000	1.5e-12	10
1	0.005	0.002	0.00200002	2.49519e-08	0	0.00200002
2	0.01	0.003	0.00300002	1.70727e-08	0.00200002	0.000999992
3	0.015	0.004	0.00400002	1.52473e-08	0.00300002	0.000999998
4	0.02	0.005	0.00500001	1.4408e-08	0.00400002	0.000999999
5	0.03	0.006	0.00600001	1.36966e-08	0.00500001	0.000999999
6	0.05	0.007	0.00700001	1.32456e-08	0.00600001	0.001
7	0.1	0.008	0.00800001	1.30841e-08	0.00800001	1.42957e-10
8	0.2	0.009	0.00900001	1.3044e-08	0.00900001	2.60948e-10
9	0.5	0.01	0.01	1.2994e-08	0.01	3.2724e-10
10	1	0.011	0.011	1.29453e-08	0.011	3.3465e-10
11	1.1	0.012	0.012	1.29376e-08	0.012	3.37323e-10
12	1.2	0.013	0.013	1.29305e-08	0.013	3.35975e-10
13	1.3	0.014	0.014	1.29239e-08	0.014	3.34476e-10
14	1.4	0.015	0.015	1.29178e-08	0.015	3.32898e-10
15	1.5	0.016	0.016	1.29121e-08	0.016	3.31286e-10
3e-09	3e-08	2000	4000	2000	1.5e-12	10
1	0.003	0.001	0.00100003	2.59075e-08	0	0.00100003
2	0.005	0.002	0.00200002	1.9564e-08	0.00100003	0.000999994
3	0.01	0.003	0.00300002	1.57438e-08	0.00200002	0.000999996
4	0.015	0.004	0.00400001	1.44542e-08	0.00300002	0.000999999
5	0.02	0.005	0.00500001	1.40337e-08	0.00500001	1.70541e-10
6	0.03	0.006	0.00600001	1.39777e-08	0.00600001	6.24616e-10
7	0.05	0.007	0.00700001	1.39446e-08	0.00700001	9.61864e-10
8	0.1	0.008	0.00800001	1.38997e-08	0.00800001	1.20964e-09
9	0.2	0.009	0.00900001	1.38505e-08	0.00900001	1.31886e-09
10	0.5	0.01	0.01	1.37694e-08	0.01	1.35801e-09
11	1	0.011	0.011	1.36939e-08	0.011	1.34373e-09
12	1.1	0.012	0.012	1.36834e-08	0.012	1.34393e-09
13	1.2	0.013	0.013	1.36739e-08	0.013	1.34071e-09
14	1.3	0.014	0.014	1.36652e-08	0.014	1.33759e-09
15	1.4	0.015	0.015	1.36569e-08	0.015	1.33423e-09
16	1.5	0.016	0.016	1.36485e-08	0.016	1.33028e-09
3e-09	3e-08	2000	4000	2000	1.5e-12	10
1	0.005	0.002	0.00200002	1.88383e-08	0	0.00200002
2	0.01	0.003	0.00300001	1.4623e-08	0.00200002	0.000999996
3	0.015	0.004	0.00400001	1.33075e-08	0.00300001	0.000999999
4	0.02	0.005	0.00500001	1.26976e-08	0.00400001	0.000999999
5	0.03	0.006	0.00600001	1.24123e-08	0.00600001	2.24025e-10
6	0.05	0.007	0.00700001	1.2377e-08	0.00700001	5.50396e-10
7	0.1	0.008	0.00800001	1.23423e-08	0.00800001	7.90759e-10
8	0.2	0.009	0.00900001	1.23038e-08	0.00900001	8.98016e-10
9	0.5	0.01	0.01	1.22454e-08	0.01	9.49436e-10
10	1	0.011	0.011	1.2188e-08	0.011	9.46227e-10
11	1.1	0.012	0.012	1.21793e-08	0.012	9.47912e-10
12	1.2	0.013	0.013	1.21713e-08	0.013	9.45482e-10
13	1.3	0.014	0.014	1.21638e-08	0.014	9.42906e-10
14	1.4	0.015	0.015	1.21564e-08	0.015	9.39993e-10
15	1.5	0.016	0.016	1.21487e-08	0.016	9.36315e-10
3e-09	3e-08	2000	4000	2000	1.5e-12	10
1	0.003	0.001	0.00100002	2.06142e-08	0	0.00100002
2	0.005	0.002	0.00200002	1.71639e-08	0.00100002	0.000999997
3	0.01	0.003	0.00300001	1.44343e-08	0.00200002	0.000999997
4	0.015	0.004	0.00400001	1.40191e-08	0.00400001	5.30292e-10
5	0.02	0.005	0.00500001	1.39788e-08	0.00500001	9.34204e-10
6	0.03	0.006	0.00600001	1.39461e-08	0.00600001	1.29962e-09
7	0.05	0.007	0.00700001	1.39199e-08	0.00700001	1.58884e-09
8	0.1	0.008	0.00800001	1.38813e-08	0.00800001	1.81262e-09
9	0.2	0.009	0.00900001	1.38351e-08	0.00900001	1.91252e-09
10	0.5	0.01	0.01	1.37535e-08	0.01	1.944e-09
11	1	0.011	0.011	1.36792e-08	0.011	1.92641e-09
12	1.1	0.012	0.012	1.3669e-08	0.012	1.92679e-09
13	1.2	0.013	0.013	1.36599e-08	0.013	1.92354e-09
14	1.3	0.014	0.014	1.36516e-08	0.014	1.92038e-09
15	1.4	0.015	0.015	1.36437e-08	0.015	1.9172e-09
16	1.5	0.016	0.016	1.36359e-08	0.016	1.9136e-09
3e-09	3e-08	2000	4000	2000	1.5e-12	10
1	0.003	0.001	0.00100002	1.9825e-08	0	0.00100002
2	0.005	0.002	0.00200002	1.60944e-08	0.00100002	0.000999996
3	0.01	0.003	0.00300001	1.33233e-08	0.00200002	0.000999997
4	0.015	0.004	0.00400001	1.28921e-08	0.00400001	5.15284e-10
5	0.02	0.005	0.00500001	1.28545e-08	0.00500001	9.17889e-10
6	0.03	0.006	0.00600001	1.28229e-08	0.00600001	1.27741e-09
7	0.05	0.007	0.00700001	1.27997e-08	0.00700001	1.55645e-09
8	0.1	0.008	0.00800001	1.2764e-08	0.00800001	1.76546e-09
9	0.2	0.009	0.00900001	1.27221e-08	0.00900001	1.85996e-09
10	0.5	0.01	0.01	1.26515e-08	0.01	1.89464e-09
11	1	0.011	0.011	1.25888e-08	0.011	1.8846e-09
12	1.1	0.012	0.012	1.25798e-08	0.012	1.88602e-09
13	1.2	0.013	0.013	1.25716e-08	0.013	1.8833e-09
14	1.3	0.014	0.014	1.25639e-08	0.014	1.88043e-09
15	1.4	0.015	0.015	1.25563e-08	0.015	1.87724e-09
16	1.5	0.016	0.016	1.25482e-08	0.016	1.87303e-09
3e-09	3e-08	2000	4000	2000	1.5e-12	10
1	0.003	0.001	0.00100002	1.92173e-08	0	0.00100002
2	0.005	0.002	0.00200002	1.64872e-08	0.00100002	0.000999997
3	0.01	0.003	0.00300001	1.49577e-08	0.00300001	8.13104e-10
4	0.015	0.004	0.00400001	1.48899e-08	0.00400001	1.60031e-09
5	0.02	0.005	0.00500001	1.48579e-08	0.00500001	1.96707e-09
6	0.03	0.006	0.00600001	1.483e-08	0.00600001	2.30514e-09
7	0.05	0.007	0.00700001	1.47983e-08	0.00700001	2.57178e-09
8	0.1	0.008	0.00800001	1.47494e-08	0.00800001	2.77672e-09
9	0.2	0.009	0.00900001	1.46956e-08	0.00900001	2.86729e-09
10	0.5	0.01	0.01	1.46048e-08	0.01	2.88872e-09
11	1	0.011	0.011	1.4527e-08	0.011	2.86539e-09
12	1.1	0.012	0.012	1.45161e-08	0.012	2.86492e-09
13	1.2	0.013	0.013	1.45056e-08	0.013	2.86028e-09
14	1.3	0.014	0.014	1.44948e-08	0.014	2.85467e-09
15	1.4	0.015	0.015	1.44824e-08	0.015	2.84689e-09
16	1.5	0.016	0.016	1.44664e-08	0.016	2.83507e-09
3e-09	3e-08	2000	4000	2000	1.5e-12	10
1	0.003	0.001	0.00100002	2.45934e-08	0	0.00100002
2	0.005	0.002	0.00200002	1.90153e-08	0.00100002	0.000999994
3	0.01	0.003	0.00300002	1.55295e-08	0.00200002	0.000999997
4	0.015	0.004	0.00400001	1.48197e-08	0.00400001	4.4225e-10
5	0.02	0.005	0.00500001	1.47725e-08	0.00500001	9.2225e-10
6	0.03	0.006	0.00600001	1.47329e-08	0.00600001	1.338e-09
7	0.05	0.007	0.00700001	1.47003e-08	0.00700001	1.6534e-09
8	0.1	0.008	0.00800001	1.46517e-08	0.00800001	1.88844e-09
9	0.2	0.009	0.00900001	1.45958e-08	0.00900001	1.98856e-09
10	0.5	0.01	0.01	1.44988e-08	0.01	2.01323e-09
11	1	0.011	0.011	1.44146e-08	0.011	1.99001e-09
12	1.1	0.012	0.012	1.44029e-08	0.012	1.98899e-09
13	1.2	0.013	0.013	1.43915e-08	0.013	1.98383e-09
14	1.3	0.014	0.014	1.43793e-08	0.014	1.97714e-09
15	1.4	0.015	0.015	1.43648e-08	0.015	1.9676e-09
16	1.5	0.016	0.016	1.43473e-08	0.016	1.95458e-09
3e-09	3e-08	2000	4000	2000	1.5e-12	10
1	0.005	0.002	0.00200003	2.62967e-08	0	0.00200003
2	0.01	0.003	0.00300002	1.79406e-08	0.00200003	0.000999992
3	0.015	0.004	0.00400002	1.60491e-08	0.00300002	0.000999998
4	0.02	0.005	0.00500002	1.52051e-08	0.00400002	0.000999999
5	0.03	0.006	0.00600001	1.45182e-08	0.00500002	0.000999999
6	0.05	0.007	0.00700001	1.40811e-08	0.00600001	0.001
7	0.1	0.008	0.00800001	1.37694e-08	0.00700001	0.001
8	0.2	0.009	0.00900001	1.36094e-08	0.00800001	0.001
9	0.5	0.01	0.01	1.34903e-08	0.00900001	0.001
10	1	0.011	0.011	1.34319e-08	0.01	0.001
11	1.1	0.012	0.012	1.34214e-08	0.011	0.001
12	1.2	0.013	0.013	1.34155e-08	0.012	0.001
13	1.3	0.014	0.014	1.34102e-08	0.013	0.001
14	1.4	0.015	0.015	1.34054e-08	0.014	0.001
15	1.5	0.016	0.016	1.34011e-08	0.015	0.001
3e-09	3e-08	2000	4000	2000	1.5e-12	10
1	0.003	0.001	0.00100002	2.11546e-08	0	0.00100002
2	0.005	0.002	0.00200002	1.70467e-08	0.00100002	0.000999996
3	0.01	0.003	0.00300001	1.40008e-08	0.00200002	0.000999997
4	0.015	0.004	0.00400001	1.29171e-08	0.00400001	7.29858e-12
5	0.02	0.005	0.00500001	1.28274e-08	0.00500001	4.51659e-10
6	0.03	0.006	0.00600001	1.27832e-08	0.00600001	8.8728e-10
7	0.05	0.007	0.00700001	1.27541e-08	0.00700001	1.21198e-09
8	0.1	0.008	0.00800001	1.27179e-08	0.00800001	1.45704e-09
9	0.2	0.009	0.00900001	1.26779e-08	0.00900001	1.57077e-09
10	0.5	0.01	0.01	1.26109e-08	0.01	1.61979e-09
11	1	0.011	0.011	1.25447e-08	0.011	1.61093e-09
12	1.1	0.012	0.012	1.2535e-08	0.012	1.61176e-09
13	1.2	0.013	0.013	1.25263e-08	0.013	1.60892e-09
14	1.3	0.014	0.014	1.25183e-08	0.014	1.6061e-09
15	1.4	0.015	0.015	1.25108e-08	0.015	1.60329e-09
16	1.5	0.016	0.016	1.25036e-08	0.016	1.60028e-09
3e-09	3e-08	2000	4000	2000	1.5e-12	10
1	0.003	0.001	0.00100002	1.64289e-08	0	0.00100002
2	0.005	0.002	0.00200001	1.45818e-08	0.00200001	2.15131e-10
3	0.01	0.003	0.00300001	1.4438e-08	0.00300001	1.93675e-09
4	0.015	0.004	0.00400001	1.43873e-08	0.00400001	2.56307e-09
5	0.02	0.005	0.00500001	1.43659e-08	0.00500001	2.86093e-09
6	0.03	0.006	0.00600001	1.43415e-08	0.00600001	3.14835e-09
7	0.05	0.007	0.00700001	1.43054e-08	0.00700001	3.38036e-09
8	0.1	0.008	0.00800001	1.42452e-08	0.00800001	3.5566e-09
9	0.2	0.009	0.00900001	1.41709e-08	0.00900001	3.62376e-09
10	0.5	0.01	0.01	1.40569e-08	0.01	3.62246e-09
11	1	0.011	0.011	1.39699e-08	0.011	3.59234e-09
12	1.1	0.012	0.012	1.39558e-08	0.012	3.58875e-09
13	1.2	0.013	0.013	1.39396e-08	0.013	3.57847e-09
14	1.3	0.014	0.014	1.39197e-08	0.014	3.56381e-09
15	1.4	0.015	0.015	1.38978e-08	0.015	3.54655e-09
16	1.5	0.016	0.016	1.38904e-08	0.016	3.54342e-09
3e-09	3e-08	2000	4000	2000	1.5e-12	10
1	0.003	0.001	0.00100002	2.10203e-08	0.00100002	1.5336e-12
2	0.005	0.002	0.00200002	1.71298e-08	0.00200002	1.38967e-12
3	0.01	0.003	0.00300001	1.42841e-08	0.00300001	9.99759e-13
4	0.015	0.004	0.00400001	1.33598e-08	0.00400001	5.92337e-13
5	0.02	0.005	0.00500001	1.31227e-08	0.00500001	1.64083e-10
6	0.03	0.006	0.00600001	1.3086e-08	0.00600001	4.84017e-10
7	0.05	0.007	0.00700001	1.30619e-08	0.00700001	7.47602e-10
8	0.1	0.008	0.00800001	1.30282e-08	0.00800001	9.4835e-10
9	0.2	0.009	0.00900001	1.29889e-08	0.00900001	1.03735e-09
10	0.5	0.01	0.01	1.29159e-08	0.01	1.06412e-09
11	1	0.011	0.011	1.28472e-08	0.011	1.04583e-09
12	1.1	0.012	0.012	1.28376e-08	0.012	1.04666e-09
13	1.2	0.013	0.013	1.2829e-08	0.013	1.04326e-09
14	1.3	0.014	0.014	1.28208e-08	0.014	1.0398e-09
15	1.4	0.015	0.015	1.28127e-08	0.015	1.03588e-09
16	1.5	0.016	0.016	1.28037e-08	0.016	1.03068e-09
3e-09	3e-08	2000	4000	2000	1.5e-12	10
1	0.005	0.002	0.00200002	2.13196e-08	0	0.00200002
2	0.01	0.003	0.00300002	1.59921e-08	0.00200002	0.000999995
3	0.015	0.004	0.00400001	1.44517e-08	0.00300002	0.000999998
4	0.02	0.005	0.00500001	1.37346e-08	0.00400001	0.000999999
5	0.03	0.006	0.00600001	1.31797e-08	0.00600001	3.94871e-11
6	0.05	0.007	0.00700001	1.31113e-08	0.00700001	3.77942e-10
7	0.1	0.008	0.00800001	1.30732e-08	0.00800001	6.38626e-10
8	0.2	0.009	0.00900001	1.30342e-08	0.00900001	7.5581e-10
9	0.5	0.01	0.01	1.29737e-08	0.01	8.12937e-10
10	1	0.011	0.011	1.29146e-08	0.011	8.11482e-10
11	1.1	0.012	0.012	1.29054e-08	0.012	8.12894e-10
12	1.2	0.013	0.013	1.28971e-08	0.013	8.10373e-10
13	1.3	0.014	0.014	1.28894e-08	0.014	8.07907e-10
14	1.4	0.015	0.015	1.28822e-08	0.015	8.05456e-10
15	1.5	0.016	0.016	1.28756e-08	0.016	8.03016e-10
3e-09	3e-08	2000	4000	2000	1.5e-12	10
1	0.003	0.001	0.00100002	2.05272e-08	0	0.00100002
2	0.005	0.002	0.00200002	1.69316e-08	0.00100002	0.000999996
3	0.01	0.003	0.00300001	1.41856e-08	0.00300001	1.40043e-11
4	0.015	0.004	0.00400001	1.40631e-08	0.00400001	8.42598e-10
5	0.02	0.005	0.00500001	1.40309e-08	0.00500001	1.24115e-09
6	0.03	0.006	0.00600001	1.40054e-08	0.00600001	1.60185e-09
7	0.05	0.007	0.00700001	1.3978e-08	0.00700001	1.88406e-09
8	0.1	0.008	0.00800001	1.39314e-08	0.00800001	2.09533e-09
9	0.2	0.009	0.00900001	1.38759e-08	0.00900001	2.18368e-09
10	0.5	0.01	0.01	1.37824e-08	0.01	2.2018e-09
11	1	0.011	0.011	1.37054e-08	0.011	2.18039e-09
12	1.1	0.012	0.012	1.36941e-08	0.012	2.17961e-09
13	1.2	0.013	0.013	1.36828e-08	0.013	2.17396e-09
14	1.3	0.014	0.014	1.36698e-08	0.014	2.16612e-09
15	1.4	0.015	0.015	1.36539e-08	0.015	2.15475e-09
16	1.5	0.016	0.016	1.36362e-08	0.016	2.13941e-09
3e-09	3e-08	2000	4000	2000	1.5e-12	10
1	0.005	0.002	0.00200002	2.2087e-08	0	0.00200002
2	0.01	0.003	0.00300002	1.72034e-08	0.00200002	0.000999995
3	0.015	0.004	0.00400002	1.56626e-08	0.00300002	0.000999998
4	0.02	0.005	0.00500001	1.4925e-08	0.00400002	0.000999999
5	0.03	0.006	0.00600001	1.42928e-08	0.00600001	3.1275e-12
6	0.05	0.007	0.00700001	1.41396e-08	0.00700001	2.77519e-10
7	0.1	0.008	0.00800001	1.40866e-08	0.00800001	5.4558e-10
8	0.2	0.009	0.00900001	1.40386e-08	0.00900001	6.66621e-10
9	0.5	0.01	0.01	1.39675e-08	0.01	7.22597e-10
10	1	0.011	0.011	1.38992e-08	0.011	7.1655e-10
11	1.1	0.012	0.012	1.38889e-08	0.012	7.1696e-10
12	1.2	0.013	0.013	1.38795e-08	0.013	7.13901e-10
13	1.3	0.014	0.014	1.38709e-08	0.014	7.10865e-10
14	1.4	0.015	0.015	1.38629e-08	0.015	7.07895e-10
15	1.5	0.016	0.016	1.38555e-08	0.016	7.05072e-10
3e-09	3e-08	2000	4000	2000	1.5e-12	10
1	0.005	0.002	0.00200002	2.30733e-08	0	0.00200002
2	0.01	0.003	0.00300002	1.65004e-08	0.00200002	0.000999993
3	0.015	0.004	0.00400001	1.47548e-08	0.00300002	0.000999998
4	0.02	0.005	0.00500001	1.39485e-08	0.00400001	0.000999999
5	0.03	0.006	0.00600001	1.32707e-08	0.00500001	0.000999999
6	0.05	0.007	0.00700001	1.28347e-08	0.00600001	0.001
7	0.1	0.008	0.00800001	1.25258e-08	0.00700001	0.001
8	0.2	0.009	0.00900001	1.23831e-08	0.00900001	4.7483e-12
9	0.5	0.01	0.01	1.23089e-08	0.01	4.50433e-11
10	1	0.011	0.011	1.22574e-08	0.011	4.92431e-11
11	1.1	0.012	0.012	1.22488e-08	0.012	5.10604e-11
12	1.2	0.013	0.013	1.22418e-08	0.013	4.97322e-11
13	1.3	0.014	0.014	1.22353e-08	0.014	4.83162e-11
14	1.4	0.015	0.015	1.22293e-08	0.015	4.68679e-11
15	1.5	0.016	0.016	1.22237e-08	0.016	4.54115e-11
3e-09	3e-08	2000	4000	2000	1.5e-12	10
1	0.003	0.001	0.00100002	1.89614e-08	0	0.00100002
2	0.005	0.002	0.00200002	1.60492e-08	0.00100002	0.000999997
3	0.01	0.003	0.00300001	1.43523e-08	0.00300001	7.32286e-10
4	0.015	0.004	0.00400001	1.42808e-08	0.00400001	1.56326e-09
5	0.02	0.005	0.00500001	1.42446e-08	0.00500001	1.9635e-09
6	0.03	0.006	0.00600001	1.42134e-08	0.00600001	2.33276e-09
7	0.05	0.007	0.00700001	1.41821e-08	0.00700001	2.61398e-09
8	0.1	0.008	0.00800001	1.41353e-08	0.00800001	2.82499e-09
9	0.2	0.009	0.00900001	1.40854e-08	0.00900001	2.9218e-09
10	0.5	0.01	0.01	1.40045e-08	0.01	2.95464e-09
11	1	0.011	0.011	1.39317e-08	0.011	2.93864e-09
12	1.1	0.012	0.012	1.39216e-08	0.012	2.93899e-09
13	1.2	0.013	0.013	1.39121e-08	0.013	2.93543e-09
14	1.3	0.014	0.014	1.39029e-08	0.014	2.93136e-09
15	1.4	0.015	0.015	1.38929e-08	0.015	2.92601e-09
16	1.5	0.016	0.016	1.38807e-08	0.016	2.9181e-09
3e-09	3e-08	2000	4000	2000	1.5e-12	10
1	0.003	0.001	0.00100002	1.80267e-08	0	0.00100002
2	0.005	0.002	0.00200002	1.51886e-08	0.00100002	0.000999997
3	0.01	0.003	0.00300001	1.29085e-08	0.00300001	6.41106e-11
4	0.015	0.004	0.00400001	1.282e-08	0.00400001	8.25505e-10
5	0.02	0.005	0.00500001	1.27865e-08	0.00500001	1.19492e-09
6	0.03	0.006	0.00600001	1.27581e-08	0.00600001	1.53515e-09
7	0.05	0.007	0.00700001	1.27359e-08	0.00700001	1.80485e-09
8	0.1	0.008	0.00800001	1.27018e-08	0.00800001	2.01429e-09
9	0.2	0.009	0.00900001	1.26621e-08	0.00900001	2.11195e-09
10	0.5	0.01	0.01	1.25914e-08	0.01	2.14624e-09
11	1	0.011	0.011	1.25279e-08	0.011	2.13501e-09
12	1.1	0.012	0.012	1.25189e-08	0.012	2.1364e-09
13	1.2	0.013	0.013	1.25107e-08	0.013	2.13359e-09
14	1.3	0.014	0.014	1.25028e-08	0.014	2.13057e-09
15	1.4	0.015	0.015	1.2495e-08	0.015	2.12712e-09
16	1.5	0.016	0.016	1.24865e-08	0.016	2.12247e-09
3e-09	3e-08	2000	4000	2000	1.5e-12	10
1	0.005	0.002	0.00200002	2.20503e-08	0	0.00200002
2	0.01	0.003	0.00300002	1.69172e-08	0.00200002	0.000999995
3	0.015	0.004	0.00400002	1.53167e-08	0.00300002	0.000999998
4	0.02	0.005	0.00500001	1.45345e-08	0.00400002	0.000999999
5	0.03	0.006	0.00600001	1.41846e-08	0.00600001	3.17494e-10
6	0.05	0.007	0.00700001	1.41357e-08	0.00700001	7.23186e-10
7	0.1	0.008	0.00800001	1.40963e-08	0.00800001	1.01827e-09
8	0.2	0.009	0.00900001	1.40563e-08	0.00900001	1.15203e-09
9	0.5	0.01	0.01	1.39916e-08	0.01	1.21602e-09
10	1	0.011	0.011	1.39265e-08	0.011	1.21367e-09
11	1.1	0.012	0.012	1.39167e-08	0.012	1.21455e-09
12	1.2	0.013	0.013	1.39077e-08	0.013	1.21195e-09
13	1.3	0.014	0.014	1.38995e-08	0.014	1.20933e-09
14	1.4	0.015	0.015	1.38919e-08	0.015	1.20679e-09
15	1.5	0.016	0.016	1.38849e-08	0.016	1.20432e-09
3e-09	3e-08	2000	4000	2000	1.5e-12	10
1	0.003	0.001	0.00100003	2.73243e-08	0	0.00100003
2	0.005	0.002	0.00200002	1.98944e-08	0.00100003	0.000999993
3	0.01	0.003	0.00300002	1.59631e-08	0.00200002	0.000999996
4	0.015	0.004	0.00400001	1.46607e-08	0.00300002	0.000999999
5	0.02	0.005	0.00500001	1.40549e-08	0.00400001	0.000999999
6	0.03	0.006	0.00600001	1.37861e-08	0.00600001	2.42206e-10
7	0.05	0.007	0.00700001	1.3738e-08	0.00700001	5.67233e-10
8	0.1	0.008	0.00800001	1.36826e-08	0.00800001	8.04164e-10
9	0.2	0.009	0.00900001	1.36247e-08	0.00900001	9.05403e-10
10	0.5	0.01	0.01	1.3537e-08	0.01	9.40796e-10
11	1	0.011	0.011	1.3457e-08	0.011	9.22161e-10
12	1.1	0.012	0.012	1.34454e-08	0.012	9.21597e-10
13	1.2	0.013	0.013	1.34349e-08	0.013	9.17034e-10
14	1.3	0.014	0.014	1.34253e-08	0.014	9.12992e-10
15	1.4	0.015	0.015	1.34164e-08	0.015	9.09194e-10
16	1.5	0.016	0.016	1.34083e-08	0.016	9.05542e-10
3e-09	3e-08	2000	4000	2000	1.5e-12	10
1	0.003	0.001	0.00100002	1.87111e-08	0	0.00100002
2	0.005	0.002	0.00200002	1.58748e-08	0.00100002	0.000999997
3	0.01	0.003	0.00300001	1.40751e-08	0.00300001	4.66387e-10
4	0.015	0.004	0.00400001	1.40302e-08	0.00400001	1.14811e-09
5	0.02	0.005	0.00500001	1.40125e-08	0.00500001	1.44887e-09
6	0.03	0.006	0.00600001	1.39895e-08	0.00600001	1.72821e-09
7	0.05	0.007	0.00700001	1.39548e-08	0.00700001	1.95343e-09
8	0.1	0.008	0.00800001	1.39009e-08	0.00800001	2.11881e-09
9	0.2	0.009	0.00900001	1.38354e-08	0.00900001	2.17969e-09
10	0.5	0.01	0.01	1.37311e-08	0.01	2.17655e-09
11	1	0.011	0.011	1.36513e-08	0.011	2.14704e-09
12	1.1	0.012	0.012	1.36397e-08	0.012	2.14589e-09
13	1.2	0.013	0.013	1.36278e-08	0.013	2.13942e-09
14	1.3	0.014	0.014	1.36142e-08	0.014	2.13065e-09
15	1.4	0.015	0.015	1.3597e-08	0.015	2.11774e-09
16	1.5	0.016	0.016	1.35742e-08	0.016	2.09885e-09
3e-09	3e-08	2000	4000	2000	1.5e-12	10
1	0.003	0.001	0.00100003	3.14445e-08	0	0.00100003
2	0.005	0.002	0.00200002	1.95912e-08	0.00100003	0.000999988
3	0.01	0.003	0.00300002	1.5412e-08	0.00200002	0.000999996
4	0.015	0.004	0.00400001	1.40376e-08	0.00300002	0.000999999
5	0.02	0.005	0.00500001	1.33664e-08	0.00400001	0.000999999
6	0.03	0.006	0.00600001	1.30587e-08	0.00600001	2.61396e-10
7	0.05	0.007	0.00700001	1.30192e-08	0.00700001	6.26251e-10
8	0.1	0.008	0.00800001	1.29835e-08	0.00800001	8.87968e-10
9	0.2	0.009	0.00900001	1.29454e-08	0.00900001	1.00713e-09
10	0.5	0.01	0.01	1.28859e-08	0.01	1.06579e-09
11	1	0.011	0.011	1.28265e-08	0.011	1.06428e-09
12	1.1	0.012	0.012	1.28174e-08	0.012	1.06561e-09
13	1.2	0.013	0.013	1.2809e-08	0.013	1.06315e-09
14	1.3	0.014	0.014	1.28013e-08	0.014	1.06064e-09
15	1.4	0.015	0.015	1.27941e-08	0.015	1.05819e-09
16	1.5	0.016	0.016	1.27875e-08	0.016	1.05577e-09
3e-09	3e-08	2000	4000	2000	1.5e-12	10
1	0.003	0.001	0.00100002	2.02195e-08	0	0.00100002
2	0.005	0.002	0.00200002	1.65606e-08	0.00100002	0.000999996
3	0.01	0.003	0.00300001	1.3762e-08	0.00200002	0.000999997
4	0.015	0.004	0.00400001	1.27759e-08	0.00400001	1.01625e-12
5	0.02	0.005	0.00500001	1.26809e-08	0.00500001	3.73545e-10
6	0.03	0.006	0.00600001	1.26404e-08	0.00600001	7.52288e-10
7	0.05	0.007	0.00700001	1.26159e-08	0.00700001	1.04877e-09
8	0.1	0.008	0.00800001	1.25864e-08	0.00800001	1.28117e-09
9	0.2	0.009	0.00900001	1.25509e-08	0.00900001	1.38999e-09
10	0.5	0.01	0.01	1.24834e-08	0.01	1.43209e-09
11	1	0.011	0.011	1.24162e-08	0.011	1.41919e-09
12	1.1	0.012	0.012	1.24064e-08	0.012	1.41983e-09
13	1.2	0.013	0.013	1.23975e-08	0.013	1.41655e-09
14	1.3	0.014	0.014	1.23895e-08	0.014	1.41349e-09
15	1.4	0.015	0.015	1.23822e-08	0.015	1.41065e-09
16	1.5	0.016	0.016	1.23755e-08	0.016	1.40791e-09
3e-09	3e-08	2000	4000	2000	1.5e-12	10
1	0.003	0.001	0.00100002	2.10393e-08	0	0.00100002
2	0.005	0.002	0.00200002	1.7552e-08	0.00100002	0.000999997
3	0.01	0.003	0.00300001	1.48618e-08	0.00200002	0.000999997
4	0.015	0.004	0.00400001	1.43296e-08	0.00400001	3.29191e-10
5	0.02	0.005	0.00500001	1.4301e-08	0.00500001	6.77191e-10
6	0.03	0.006	0.00600001	1.42756e-08	0.00600001	9.9575e-10
7	0.05	0.007	0.00700001	1.42444e-08	0.00700001	1.25212e-09
8	0.1	0.008	0.00800001	1.41992e-08	0.00800001	1.44622e-09
9	0.2	0.009	0.00900001	1.41456e-08	0.00900001	1.52695e-09
10	0.5	0.01	0.01	1.40483e-08	0.01	1.5364e-09
11	1	0.011	0.011	1.39644e-08	0.011	1.50696e-09
12	1.1	0.012	0.012	1.39532e-08	0.012	1.50622e-09
13	1.2	0.013	0.013	1.39426e-08	0.013	1.50134e-09
14	1.3	0.014	0.014	1.39319e-08	0.014	1.49563e-09
15	1.4	0.015	0.015	1.39195e-08	0.015	1.48781e-09
16	1.5	0.016	0.016	1.39036e-08	0.016	1.47605e-09
3e-09	3e-08	2000	4000	2000	1.5e-12	10
1	0.003	0.001	0.00100003	2.66827e-08	0	0.00100003
2	0.005	0.002	0.00200002	1.93381e-08	0.00100003	0.000999993
3	0.01	0.003	0.00300002	1.54857e-08	0.00200002	0.000999996
4	0.015	0.004	0.00400001	1.45156e-08	0.00400001	3.41561e-10
5	0.02	0.005	0.00500001	1.44522e-08	0.00500001	9.44087e-10
6	0.03	0.006	0.00600001	1.43895e-08	0.00600001	1.4844e-09
7	0.05	0.007	0.00700001	1.43439e-08	0.00700001	1.85982e-09
8	0.1	0.008	0.00800001	1.4302e-08	0.00800001	2.13596e-09
9	0.2	0.009	0.00900001	1.42578e-08	0.00900001	2.26281e-09
10	0.5	0.01	0.01	1.41906e-08	0.01	2.32343e-09
11	1	0.011	0.011	1.41252e-08	0.011	2.32051e-09
12	1.1	0.012	0.012	1.41155e-08	0.012	2.32151e-09
13	1.2	0.013	0.013	1.41066e-08	0.013	2.31896e-09
14	1.3	0.014	0.014	1.40985e-08	0.014	2.31646e-09
15	1.4	0.015	0.015	1.40907e-08	0.015	2.31369e-09
16	1.5	0.016	0.016	1.40832e-08	0.016	2.31065e-09
3e-09	3e-08	2000	4000	2000	1.5e-12	10
1	0.003	0.001	0.00100002	2.14761e-08	0	0.00100002
2	0.005	0.002	0.00200002	1.78337e-08	0.00100002	0.000999996
3	0.01	0.003	0.00300001	1.49385e-08	0.00200002	0.000999997
4	0.015	0.004	0.00400001	1.47561e-08	0.00400001	8.59305e-10
5	0.02	0.005	0.00500001	1.47167e-08	0.00500001	1.31416e-09
6	0.03	0.006	0.00600001	1.46826e-08	0.00600001	1.71917e-09
7	0.05	0.007	0.00700001	1.46502e-08	0.00700001	2.02355e-09
8	0.1	0.008	0.00800001	1.46013e-08	0.00800001	2.25096e-09
9	0.2	0.009	0.00900001	1.45481e-08	0.00900001	2.35197e-09
10	0.5	0.01	0.01	1.4459e-08	0.01	2.38261e-09
11	1	0.011	0.011	1.438e-08	0.011	2.36336e-09
12	1.1	0.012	0.012	1.4369e-08	0.012	2.36298e-09
13	1.2	0.013	0.013	1.43585e-08	0.013	2.35867e-09
14	1.3	0.014	0.014	1.43477e-08	0.014	2.35329e-09
15	1.4	0.015	0.015	1.43351e-08	0.015	2.34562e-09
16	1.5	0.016	0.016	1.43189e-08	0.016	2.33385e-09
3e-09	3e-08	2000	4000	2000	1.5e-12	10
1	0.005	0.002	0.00200002	1.89547e-08	0	0.00200002
2	0.01	0.003	0.00300001	1.46887e-08	0.00200002	0.000999996
3	0.015	0.004	0.00400001	1.3301e-08	0.00300001	0.000999999
4	0.02	0.005	0.00500001	1.3054e-08	0.00500001	4.15856e-10
5	0.03	0.006	0.00600001	1.29941e-08	0.00600001	9.4908e-10
6	0.05	0.007	0.00700001	1.29549e-08	0.00700001	1.31442e-09
7	0.1	0.008	0.00800001	1.29245e-08	0.00800001	1.58392e-09
8	0.2	0.009	0.00900001	1.28897e-08	0.00900001	1.70752e-09
9	0.5	0.01	0.01	1.28361e-08	0.01	1.77114e-09
10	1	0.011	0.011	1.27846e-08	0.011	1.77663e-09
11	1.1	0.012	0.012	1.27766e-08	0.012	1.77908e-09
12	1.2	0.013	0.013	1.27692e-08	0.013	1.77743e-09
13	1.3	0.014	0.014	1.2762e-08	0.014	1.77538e-09
14	1.4	0.015	0.015	1.27545e-08	0.015	1.77252e-09
15	1.5	0.016	0.016	1.27459e-08	0.016	1.76808e-09
3e-09	3e-08	2000	4000	2000	1.5e-12	10
1	0.003	0.001	0.00100003	3.14642e-08	0	0.00100003
2	0.005	0.002	0.00200002	2.07185e-08	0.00100003	0.000999989
3	0.01	0.003	0.00300002	1.64624e-08	0.00200002	0.000999996
4	0.015	0.004	0.00400002	1.51328e-08	0.00300002	0.000999999
5	0.02	0.005	0.00500001	1.45404e-08	0.00400002	0.000999999
6	0.03	0.006	0.00600001	1.40494e-08	0.00500001	0.000999999
7	0.05	0.007	0.00700001	1.38946e-08	0.00700001	1.88972e-10
8	0.1	0.008	0.00800001	1.38447e-08	0.00800001	4.14628e-10
9	0.2	0.009	0.00900001	1.3802e-08	0.00900001	5.18813e-10
10	0.5	0.01	0.01	1.3729e-08	0.01	5.59498e-10
11	1	0.011	0.011	1.36573e-08	0.011	5.44567e-10
12	1.1	0.012	0.012	1.36468e-08	0.012	5.44478e-10
13	1.2	0.013	0.013	1.36372e-08	0.013	5.40696e-10
14	1.3	0.014	0.014	1.36285e-08	0.014	5.37121e-10
15	1.4	0.015	0.015	1.36205e-08	0.015	5.33751e-10
16	1.5	0.016	0.016	1.36131e-08	0.016	5.30575e-10
3e-09	3e-08	2000	4000	2000	1.5e-12	10
1	0.003	0.001	0.00100002	1.64577e-08	0	0.00100002
2	0.005	0.002	0.00200001	1.4023e-08	0.00100002	0.000999998
3	0.01	0.003	0.00300001	1.25577e-08	0.00300001	5.71002e-10
4	0.015	0.004	0.00400001	1.25126e-08	0.00400001	1.2218e-09
5	0.02	0.005	0.00500001	1.24941e-08	0.00500001	1.52125e-09
6	0.03	0.006	0.00600001	1.24762e-08	0.00600001	1.80504e-09
7	0.05	0.007	0.00700001	1.24487e-08	0.00700001	2.03262e-09
8	0.1	0.008	0.00800001	1.24023e-08	0.00800001	2.20491e-09
9	0.2	0.009	0.00900001	1.23445e-08	0.00900001	2.27401e-09
10	0.5	0.01	0.01	1.22503e-08	0.01	2.27909e-09
11	1	0.011	0.011	1.21772e-08	0.011	2.25599e-09
12	1.1	0.012	0.012	1.21665e-08	0.012	2.25573e-09
13	1.2	0.013	0.013	1.21554e-08	0.013	2.24988e-09
14	1.3	0.014	0.014	1.21426e-08	0.014	2.2417e-09
15	1.4	0.015	0.015	1.21264e-08	0.015	2.2297e-09
16	1.5	0.016	0.016	1.2109e-08	0.016	2.21602e-09
3e-09	3e-08	2000	4000	2000	1.5e-12	10
1	0.003	0.001	0.00100002	2.29123e-08	0	0.00100002
2	0.005	0.002	0.00200002	1.78706e-08	0.00100002	0.000999995
3	0.01	0.003	0.00300001	1.45903e-08	0.00200002	0.000999997
4	0.015	0.004	0.00400001	1.39452e-08	0.00400001	4.54043e-10
5	0.02	0.005	0.00500001	1.39047e-08	0.00500001	9.23043e-10
6	0.03	0.006	0.00600001	1.38706e-08	0.00600001	1.3323e-09
7	0.05	0.007	0.00700001	1.38381e-08	0.00700001	1.63681e-09
8	0.1	0.008	0.00800001	1.37862e-08	0.00800001	1.85859e-09
9	0.2	0.009	0.00900001	1.37287e-08	0.00900001	1.95347e-09
10	0.5	0.01	0.01	1.3638e-08	0.01	1.98133e-09
11	1	0.011	0.011	1.35625e-08	0.011	1.96514e-09
12	1.1	0.012	0.012	1.35518e-08	0.012	1.9651e-09
13	1.2	0.013	0.013	1.35414e-08	0.013	1.96076e-09
14	1.3	0.014	0.014	1.35302e-08	0.014	1.95501e-09
15	1.4	0.015	0.015	1.3517e-08	0.015	1.94661e-09
16	1.5	0.016	0.016	1.35009e-08	0.016	1.9349e-09
3e-09	3e-08	2000	4000	2000	1.5e-12	10
1	0.005	0.002	0.00200002	2.20024e-08	0	0.00200002
2	0.01	0.003	0.00300002	1.64786e-08	0.00200002	0.000999994
3	0.015	0.004	0.00400001	1.48951e-08	0.00300002	0.000999998
4	0.02	0.005	0.00500001	1.41621e-08	0.00400001	0.000999999
5	0.03	0.006	0.00600001	1.3536e-08	0.00500001	0.000999999
6	0.05	0.007	0.00700001	1.32819e-08	0.00700001	1.49147e-10
7	0.1	0.008	0.00800001	1.324e-08	0.00800001	4.07178e-10
8	0.2	0.009	0.00900001	1.32076e-08	0.00900001	5.27683e-10
9	0.5	0.01	0.01	1.31535e-08	0.01	5.89194e-10
10	1	0.011	0.011	1.30981e-08	0.011	5.90401e-10
11	1.1	0.012	0.012	1.30894e-08	0.012	5.92126e-10
12	1.2	0.013	0.013	1.30814e-08	0.013	5.89908e-10
13	1.3	0.014	0.014	1.3074e-08	0.014	5.87574e-10
14	1.4	0.015	0.015	1.30671e-08	0.015	5.85299e-10
15	1.5	0.016	0.016	1.30606e-08	0.016	5.82983e-10
3e-09	3e-08	2000	4000	2000	1.5e-12	10
1	0.003	0.001	0.00100002	2.28108e-08	0	0.00100002
2	0.005	0.002	0.00200002	1.81799e-08	0.00100002	0.000999995
3	0.01	0.003	0.00300001	1.48877e-08	0.00200002	0.000999997
4	0.015	0.004	0.00400001	1.39441e-08	0.00400001	2.19013e-10
5	0.02	0.005	0.00500001	1.38846e-08	0.00500001	7.46471e-10
6	0.03	0.006	0.00600001	1.38322e-08	0.00600001	1.22149e-09
7	0.05	0.007	0.00700001	1.37962e-08	0.00700001	1.56412e-09
8	0.1	0.008	0.00800001	1.37581e-08	0.00800001	1.81939e-09
9	0.2	0.009	0.00900001	1.37174e-08	0.00900001	1.93836e-09
10	0.5	0.01	0.01	1.36529e-08	0.01	1.99399e-09
11	1	0.011	0.011	1.35884e-08	0.011	1.9885e-09
12	1.1	0.012	0.012	1.35789e-08	0.012	1.98953e-09
13	1.2	0.013	0.013	1.35702e-08	0.013	1.98689e-09
14	1.3	0.014	0.014	1.35622e-08	0.014	1.98423e-09
15	1.4	0.015	0.015	1.35546e-08	0.015	1.98142e-09
16	1.5	0.016	0.016	1.35472e-08	0.016	1.97831e-09
3e-09	3e-08	2000	4000	2000	1.5e-12	10
1	0.003	0.001	0.00100002	2.17099e-08	0	0.00100002
2	0.005	0.002	0.00200002	1.76205e-08	0.00100002	0.000999996
3	0.01	0.003	0.00300001	1.4712e-08	0.00200002	0.000999997
4	0.015	0.004	0.00400001	1.38257e-08	0.00300001	0.000999999
5	0.02	0.005	0.00500001	1.36572e-08	0.00500001	2.0099e-10
6	0.03	0.006	0.00600001	1.36238e-08	0.00600001	5.06943e-10
7	0.05	0.007	0.00700001	1.35944e-08	0.00700001	7.64735e-10
8	0.1	0.008	0.00800001	1.3554e-08	0.00800001	9.60839e-10
9	0.2	0.009	0.00900001	1.35061e-08	0.00900001	1.0427e-09
10	0.5	0.01	0.01	1.34154e-08	0.01	1.05464e-09
11	1	0.011	0.011	1.33353e-08	0.011	1.02693e-09
12	1.1	0.012	0.012	1.33244e-08	0.012	1.0264e-09
13	1.2	0.013	0.013	1.3314e-08	0.013	1.02153e-09
14	1.3	0.014	0.014	1.33035e-08	0.014	1.01585e-09
15	1.4	0.015	0.015	1.32914e-08	0.015	1.00812e-09
16	1.5	0.016	0.016	1.32755e-08	0.016	9.96217e-10
3e-09	3e-08	2000	4000	2000	1.5e-12	10
1	0.005	0.002	0.00200002	2.18349e-08	0	0.00200002
2	0.01	0.003	0.00300002	1.66367e-08	0.00200002	0.000999995
3	0.015	0.004	0.00400002	1.50583e-08	0.00300002	0.000999998
4	0.02	0.005	0.00500001	1.42973e-08	0.00400002	0.000999999
5	0.03	0.006	0.00600001	1.39145e-08	0.00600001	2.66115e-10
6	0.05	0.007	0.00700001	1.38625e-08	0.00700001	6.5881e-10
7	0.1	0.008	0.00800001	1.38254e-08	0.00800001	9.48767e-10
8	0.2	0.009	0.00900001	1.3789e-08	0.00900001	1.08172e-09
9	0.5	0.01	0.01	1.373e-08	0.01	1.14751e-09
10	1	0.011	0.011	1.367e-08	0.011	1.14822e-09
11	1.1	0.012	0.012	1.36606e-08	0.012	1.14952e-09
12	1.2	0.013	0.013	1.36521e-08	0.013	1.14711e-09
13	1.3	0.014	0.014	1.36442e-08	0.014	1.14465e-09
14	1.4	0.015	0.015	1.36369e-08	0.015	1.14222e-09
15	1.5	0.016	0.016	1.36301e-08	0.016	1.13983e-09
3e-09	3e-08	2000	4000	2000	1.5e-12	10
1	0.003	0.001	0.00100002	2.06847e-08	0	0.00100002
2	0.005	0.002	0.00200002	1.70174e-08	0.00100002	0.000999996
3	0.01	0.003	0.00300001	1.42852e-08	0.00200002	0.000999997
4	0.015	0.004	0.00400001	1.35979e-08	0.00400001	1.80726e-10
5	0.02	0.005	0.00500001	1.3567e-08	0.00500001	5.27012e-10
6	0.03	0.006	0.00600001	1.35418e-08	0.00600001	8.42359e-10
7	0.05	0.007	0.00700001	1.35081e-08	0.00700001	1.08773e-09
8	0.1	0.008	0.00800001	1.34579e-08	0.00800001	1.26678e-09
9	0.2	0.009	0.00900001	1.34029e-08	0.00900001	1.34119e-09
10	0.5	0.01	0.01	1.33111e-08	0.01	1.35195e-09
11	1	0.011	0.011	1.3235e-08	0.011	1.32801e-09
12	1.1	0.012	0.012	1.32245e-08	0.012	1.32793e-09
13	1.2	0.013	0.013	1.32145e-08	0.013	1.32337e-09
14	1.3	0.014	0.014	1.32043e-08	0.014	1.31796e-09
15	1.4	0.015	0.015	1.31925e-08	0.015	1.31056e-09
16	1.5	0.016	0.016	1.31773e-08	0.016	1.29925e-09
3e-09	3e-08	2000	4000	2000	1.5e-12	10
1	0.01	0.003	0.00300002	1.68463e-08	0	0.00300002
2	0.015	0.004	0.00400001	1.4795e-08	0.00300002	0.000999998
3	0.02	0.005	0.00500001	1.38112e-08	0.00400001	0.000999999
4	0.03	0.006	0.00600001	1.29095e-08	0.00500001	0.000999999
5	0.05	0.007	0.00700001	1.24732e-08	0.00700001	1.40495e-10
6	0.1	0.008	0.00800001	1.24205e-08	0.00800001	4.6704e-10
7	0.2	0.009	0.00900001	1.23896e-08	0.00900001	6.2392e-10
8	0.5	0.01	0.01	1.23422e-08	0.01	7.09504e-10
9	1	0.011	0.011	1.22952e-08	0.011	7.25294e-10
10	1.1	0.012	0.012	1.22875e-08	0.012	7.28286e-10
11	1.2	0.013	0.013	1.22805e-08	0.013	7.27521e-10
12	1.3	0.014	0.014	1.22738e-08	0.014	7.26384e-10
13	1.4	0.015	0.015	1.22676e-08	0.015	7.25129e-10
14	1.5	0.016	0.016	1.22616e-08	0.016	7.23684e-10
3e-09	3e-08	2000	4000	2000	1.5e-12	10
1	0.003	0.001	0.00100002	2.31386e-08	0	0.00100002
2	0.005	0.002	0.00200002	1.78612e-08	0.00100002	0.000999995
3	0.01	0.003	0.00300001	1.45395e-08	0.00200002	0.000999997
4	0.015	0.004	0.00400001	1.34764e-08	0.00300001	0.000999999
5	0.02	0.005	0.00500001	1.30154e-08	0.00400001	0.001
6	0.03	0.006	0.00600001	1.28499e-08	0.00600001	2.24778e-10
7	0.05	0.007	0.00700001	1.28222e-08	0.00700001	5.04545e-10
8	0.1	0.008	0.00800001	1.27901e-08	0.00800001	7.18718e-10
9	0.2	0.009	0.00900001	1.27529e-08	0.00900001	8.14067e-10
10	0.5	0.01	0.01	1.26869e-08	0.01	8.50384e-10
11	1	0.011	0.011	1.26246e-08	0.011	8.39565e-10
12	1.1	0.012	0.012	1.26157e-08	0.012	8.41009e-10
13	1.2	0.013	0.013	1.26075e-08	0.013	8.38238e-10
14	1.3	0.014	0.014	1.26e-08	0.014	8.35502e-10
15	1.4	0.015	0.015	1.25928e-08	0.015	8.32598e-10
16	1.5	0.016	0.016	1.25855e-08	0.016	8.29134e-10
3e-09	3e-08	2000	4000	2000	1.5e-12	10
1	0.005	0.002	0.00200002	2.29044e-08	0	0.00200002
2	0.01	0.003	0.00300002	1.78412e-08	0.00200002	0.000999995
3	0.015	0.004	0.00400002	1.63138e-08	0.00300002	0.000999998
4	0.02	0.005	0.00500002	1.56242e-08	0.00400002	0.000999999
5	0.03	0.006	0.00600002	1.50993e-08	0.00600002	2.34571e-11
6	0.05	0.007	0.00700002	1.50116e-08	0.00700001	3.27495e-10
7	0.1	0.008	0.00800001	1.49569e-08	0.00800001	5.73142e-10
8	0.2	0.009	0.00900001	1.49045e-08	0.00900001	6.79225e-10
9	0.5	0.01	0.01	1.48234e-08	0.01	7.20102e-10
10	1	0.011	0.011	1.47474e-08	0.011	7.04697e-10
11	1.1	0.012	0.012	1.47363e-08	0.012	7.0415e-10
12	1.2	0.013	0.013	1.47262e-08	0.013	7.00206e-10
13	1.3	0.014	0.014	1.47169e-08	0.014	6.96406e-10
14	1.4	0.015	0.015	1.47084e-08	0.015	6.92775e-10
15	1.5	0.016	0.016	1.47005e-08	0.016	6.89344e-10
3e-09	3e-08	2000	4000	2000	1.5e-12	10
1	0.003	0.001	0.00100002	1.77654e-08	0	0.00100002
2	0.005	0.002	0.00200002	1.51336e-08	0.00100002	0.000999997
3	0.01	0.003	0.00300001	1.37954e-08	0.00300001	8.74364e-10
4	0.015	0.004	0.00400001	1.37369e-08	0.00400001	1.59403e-09
5	0.02	0.005	0.00500001	1.37122e-08	0.00500001	1.9287e-09
6	0.03	0.006	0.00600001	1.36897e-08	0.00600001	2.24319e-09
7	0.05	0.007	0.00700001	1.3661e-08	0.00700001	2.49608e-09
8	0.1	0.008	0.00800001	1.3616e-08	0.00800001	2.69218e-09
9	0.2	0.009	0.00900001	1.35586e-08	0.00900001	2.77454e-09
10	0.5	0.01	0.01	1.34585e-08	0.01	2.78452e-09
11	1	0.011	0.011	1.33779e-08	0.011	2.75903e-09
12	1.1	0.012	0.012	1.33657e-08	0.012	2.75732e-09
13	1.2	0.013	0.013	1.33524e-08	0.013	2.74979e-09
14	1.3	0.014	0.014	1.33362e-08	0.014	2.73861e-09
15	1.4	0.015	0.015	1.33147e-08	0.015	2.7216e-09
16	1.5	0.016	0.016	1.329e-08	0.016	2.70103e-09
3e-09	3e-08	2000	4000	2000	1.5e-12	10
1	0.003	0.001	0.00100002	1.99426e-08	0	0.00100002
2	0.005	0.002	0.00200002	1.6895e-08	0.00100002	0.000999997
3	0.01	0.003	0.00300001	1.43289e-08	0.00200002	0.000999997
4	0.015	0.004	0.00400001	1.41244e-08	0.00400001	7.25453e-10
5	0.02	0.005	0.00500001	1.40886e-08	0.00500001	1.13684e-09
6	0.03	0.006	0.00600001	1.40561e-08	0.00600001	1.50945e-09
7	0.05	0.007	0.00700001	1.40195e-08	0.00700001	1.79011e-09
8	0.1	0.008	0.00800001	1.39662e-08	0.00800001	1.99918e-09
9	0.2	0.009	0.00900001	1.39115e-08	0.00900001	2.09308e-09
10	0.5	0.01	0.01	1.38232e-08	0.01	2.12066e-09
11	1	0.011	0.011	1.37434e-08	0.011	2.09887e-09
12	1.1	0.012	0.012	1.37326e-08	0.012	2.09864e-09
13	1.2	0.013	0.013	1.37227e-08	0.013	2.09473e-09
14	1.3	0.014	0.014	1.37134e-08	0.014	2.0907e-09
15	1.4	0.015	0.015	1.3704e-08	0.015	2.08603e-09
16	1.5	0.016	0.016	1.36937e-08	0.016	2.08003e-09
3e-09	3e-08	2000	4000	2000	1.5e-12	10
1	0.005	0.002	0.00200002	2.03509e-08	0.00200002	4.49779e-13
2	0.01	0.003	0.00300001	1.4997e-08	0.00300001	2.8605e-13
3	0.015	0.004	0.00400001	1.34544e-08	0.00400001	7.0651e-14
4	0.02	0.005	0.00500001	1.2715e-08	0.00400001	0.000999999
5	0.03	0.006	0.00600001	1.23054e-08	0.00600001	2.33052e-10
6	0.05	0.007	0.00700001	1.22538e-08	0.00700001	6.10288e-10
7	0.1	0.008	0.00800001	1.22277e-08	0.00800001	8.89411e-10
8	0.2	0.009	0.00900001	1.22026e-08	0.00900001	1.02098e-09
9	0.5	0.01	0.01	1.21614e-08	0.01	1.09409e-09
10	1	0.011	0.011	1.21178e-08	0.011	1.10583e-09
11	1.1	0.012	0.012	1.21109e-08	0.012	1.10927e-09
12	1.2	0.013	0.013	1.21044e-08	0.013	1.1084e-09
13	1.3	0.014	0.014	1.20984e-08	0.014	1.10741e-09
14	1.4	0.015	0.015	1.20926e-08	0.015	1.10614e-09
15	1.5	0.016	0.016	1.20871e-08	0.016	1.10469e-09
3e-09	3e-08	2000	4000	2000	1.5e-12	10
1	0.01	0.003	0.00300002	1.93954e-08	0	0.00300002
2	0.015	0.004	0.00400002	1.71904e-08	0.00300002	0.000999998
3	0.02	0.005	0.00500002	1.6182e-08	0.00400002	0.000999999
4	0.03	0.006	0.00600002	1.5338e-08	0.00500002	0.000999999
5	0.05	0.007	0.00700001	1.49019e-08	0.00700001	6.80007e-11
6	0.1	0.008	0.00800001	1.48327e-08	0.00800001	3.51095e-10
7	0.2	0.009	0.00900001	1.47922e-08	0.00900001	4.86658e-10
8	0.5	0.01	0.01	1.47305e-08	0.01	5.55132e-10
9	1	0.011	0.011	1.46689e-08	0.011	5.56641e-10
10	1.1	0.012	0.012	1.46594e-08	0.012	5.5785e-10
11	1.2	0.013	0.013	1.46507e-08	0.013	5.55534e-10
12	1.3	0.014	0.014	1.46426e-08	0.014	5.53095e-10
13	1.4	0.015	0.015	1.4635e-08	0.015	5.50573e-10
14	1.5	0.016	0.016	1.46279e-08	0.016	5.47964e-10
3e-09	3e-08	2000	4000	2000	1.5e-12	10
1	0.003	0.001	0.00100002	1.93032e-08	0	0.00100002
2	0.005	0.002	0.00200002	1.57905e-08	0.00100002	0.000999996
3	0.01	0.003	0.00300001	1.31259e-08	0.00200002	0.000999997
4	0.015	0.004	0.00400001	1.28901e-08	0.00400001	6.94129e-10
5	0.02	0.005	0.00500001	1.28512e-08	0.00500001	1.09756e-09
6	0.03	0.006	0.00600001	1.28173e-08	0.00600001	1.46117e-09
7	0.05	0.007	0.00700001	1.27922e-08	0.00700001	1.74232e-09
8	0.1	0.008	0.00800001	1.27555e-08	0.00800001	1.95496e-09
9	0.2	0.009	0.00900001	1.27158e-08	0.00900001	2.05372e-09
10	0.5	0.01	0.01	1.26507e-08	0.01	2.09453e-09
11	1	0.011	0.011	1.25899e-08	0.011	2.08659e-09
12	1.1	0.012	0.012	1.25812e-08	0.012	2.08824e-09
13	1.2	0.013	0.013	1.25732e-08	0.013	2.08573e-09
14	1.3	0.014	0.014	1.25657e-08	0.014	2.08308e-09
15	1.4	0.015	0.015	1.25583e-08	0.015	2.08003e-09
16	1.5	0.016	0.016	1.25503e-08	0.016	2.07601e-09
3e-09	3e-08	2000	4000	2000	1.5e-12	10
1	0.005	0.002	0.00200002	2.08193e-08	0	0.00200002
2	0.01	0.003	0.00300002	1.62241e-08	0.00200002	0.000999995
3	0.015	0.004	0.00400001	1.47693e-08	0.00300002	0.000999999
4	0.02	0.005	0.00500001	1.40875e-08	0.00400001	0.000999999
5	0.03	0.006	0.00600001	1.36739e-08	0.00600001	1.64184e-10
6	0.05	0.007	0.00700001	1.36223e-08	0.00700001	5.09964e-10
7	0.1	0.008	0.00800001	1.35879e-08	0.00800001	7.74988e-10
8	0.2	0.009	0.00900001	1.35521e-08	0.00900001	8.95829e-10
9	0.5	0.01	0.01	1.34901e-08	0.01	9.51588e-10
10	1	0.011	0.011	1.34273e-08	0.011	9.46687e-10
11	1.1	0.012	0.012	1.34178e-08	0.012	9.47722e-10
12	1.2	0.013	0.013	1.34091e-08	0.013	9.44991e-10
13	1.3	0.014	0.014	1.34012e-08	0.014	9.42315e-10
14	1.4	0.015	0.015	1.3394e-08	0.015	9.39734e-10
15	1.5	0.016	0.016	1.33871e-08	0.016	9.37163e-10
3e-09	3e-08	2000	4000	2000	1.5e-12	10
1	0.003	0.001	0.00100002	1.89117e-08	0	0.00100002
2	0.005	0.002	0.00200002	1.58604e-08	0.00100002	0.000999997
3	0.01	0.003	0.00300001	1.33684e-08	0.00200002	0.000999997
4	0.015	0.004	0.00400001	1.27948e-08	0.00400001	2.95799e-10
5	0.02	0.005	0.00500001	1.27561e-08	0.00500001	6.66633e-10
6	0.03	0.006	0.00600001	1.27271e-08	0.00600001	1.00862e-09
7	0.05	0.007	0.00700001	1.27049e-08	0.00700001	1.28337e-09
8	0.1	0.008	0.00800001	1.26749e-08	0.00800001	1.50151e-09
9	0.2	0.009	0.00900001	1.26392e-08	0.00900001	1.60402e-09
10	0.5	0.01	0.01	1.25681e-08	0.01	1.63856e-09
11	1	0.011	0.011	1.24965e-08	0.011	1.61991e-09
12	1.1	0.012	0.012	1.24865e-08	0.012	1.61849e-09
13	1.2	0.013	0.013	1.24775e-08	0.013	1.61494e-09
14	1.3	0.014	0.014	1.24692e-08	0.014	1.61151e-09
15	1.4	0.015	0.015	1.24613e-08	0.015	1.60792e-09
16	1.5	0.016	0.016	1.2453e-08	0.016	1.60362e-09
3e-09	3e-08	2000	4000	2000	1.5e-12	10
1	0.003	0.001	0.00100002	1.91696e-08	0	0.00100002
2	0.005	0.002	0.00200002	1.61163e-08	0.00100002	0.000999997
3	0.01	0.003	0.00300001	1.40561e-08	0.00300001	4.63064e-10
4	0.015	0.004	0.00400001	1.39812e-08	0.00400001	1.32672e-09
5	0.02	0.005	0.00500001	1.39424e-08	0.00500001	1.74168e-09
6	0.03	0.006	0.00600001	1.39088e-08	0.00600001	2.12129e-09
7	0.05	0.007	0.00700001	1.38796e-08	0.00700001	2.41368e-09
8	0.1	0.008	0.00800001	1.38349e-08	0.00800001	2.63653e-09
9	0.2	0.009	0.00900001	1.37855e-08	0.00900001	2.73929e-09
10	0.5	0.01	0.01	1.36992e-08	0.01	2.77021e-09
11	1	0.011	0.011	1.36244e-08	0.011	2.75362e-09
12	1.1	0.012	0.012	1.36137e-08	0.012	2.75341e-09
13	1.2	0.013	0.013	1.36032e-08	0.013	2.74899e-09
14	1.3	0.014	0.014	1.35922e-08	0.014	2.74321e-09
15	1.4	0.015	0.015	1.35788e-08	0.015	2.73464e-09
16	1.5	0.016	0.016	1.35614e-08	0.016	2.72153e-09
3e-09	3e-08	2000	4000	2000	1.5e-12	10
1	0.003	0.001	0.00100003	2.82056e-08	0.00100003	2.96189e-12
2	0.005	0.002	0.00200002	1.96406e-08	0.00200002	2.81015e-12
3	0.01	0.003	0.00300002	1.56034e-08	0.00300002	2.55931e-12
4	0.015	0.004	0.00400001	1.42966e-08	0.00400001	2.15934e-12
5	0.02	0.005	0.00500001	1.36873e-08	0.00400001	0.000999999
6	0.03	0.006	0.00600001	1.33627e-08	0.00600001	1.86068e-10
7	0.05	0.007	0.00700001	1.33231e-08	0.00700001	5.10651e-10
8	0.1	0.008	0.00800001	1.32941e-08	0.00800001	7.60713e-10
9	0.2	0.009	0.00900001	1.32623e-08	0.00900001	8.76676e-10
10	0.5	0.01	0.01	1.32015e-08	0.01	9.27925e-10
11	1	0.011	0.011	1.31376e-08	0.011	9.19326e-10
12	1.1	0.012	0.012	1.3128e-08	0.012	9.20216e-10
13	1.2	0.013	0.013	1.31194e-08	0.013	9.17261e-10
14	1.3	0.014	0.014	1.31115e-08	0.014	9.14397e-10
15	1.4	0.015	0.015	1.31042e-08	0.015	9.11664e-10
16	1.5	0.016	0.016	1.30974e-08	0.016	9.0897e-10
