-0.0074
-0.00795
-0.0074
-0.0085
-0.0074
-0.0074
-0.00905
-0.00795
-0.00795
-0.00795
-0.00795
-0.0085
-0.00795
-0.0085
-0.00795
-0.0074
-0.0085
-0.00905
-0.00685
-0.0074
-0.00795
-0.0085
-0.00795
-0.0074
-0.0085
-0.00795
-0.0085
-0.0074
-0.0085
-0.00795
-0.00795
-0.0074
-0.0074
-0.0085
-0.0074
-0.0074
-0.00795
-0.00905
-0.0085
-0.00795
-0.0074
-0.0085
-0.00795
-0.0074
-0.0074
-0.00795
-0.00795
-0.0074
-0.00795
-0.00795
-0.0085
-0.0085
-0.0074
-0.00795
-0.00795
-0.00795
-0.0085
-0.0085
-0.00795
-0.0074
-0.00795
-0.00795
-0.0085
-0.0074
-0.0085
-0.0074
-0.00795
-0.0085
-0.00795
-0.0085
-0.00795
-0.00795
-0.0074
-0.00795
-0.0074
-0.00795
-0.0085
-0.00795
-0.0085
-0.00795
-0.00795
-0.00795
-0.00795
-0.00795
-0.0085
-0.00795
-0.0085
-0.00685
-0.00795
-0.0074
-0.0085
-0.00795
-0.0074
-0.00795
-0.0085
-0.00795
-0.00795
-0.0074
-0.00685
